326822;101;0.5401069518716578;16
221904;167;0.5529801324503312;12
202681;99;0.41422594142259417;35
271793;87;0.5117647058823529;8
128027;58;0.2510822510822511;12
257205;126;0.4315068493150685;15
31624;79;0.3062015503875969;10
149147;93;0.36904761904761907;5
117238;62;0.21754385964912282;81
110087;63;0.5887850467289719;18
134725;50;0.352112676056338;6
203205;165;0.39473684210526316;13
278521;93;0.3675889328063241;12
239624;50;0.4;20
196267;48;0.5517241379310345;2
190604;79;0.28832116788321166;76
176214;147;0.5444444444444444;23
171635;143;0.5035211267605634;8
351906;54;0.6136363636363636;4
357810;111;0.5362318840579711;11
312594;171;0.4090909090909091;25
169516;78;0.42391304347826086;45
346538;138;0.5247148288973384;13
248616;153;0.5795454545454546;8
337591;84;0.45901639344262296;23
189573;157;0.29961832061068705;7
328614;88;0.5238095238095238;6
93383;76;0.6333333333333333;3
201965;107;0.49767441860465117;8
266041;227;0.3709150326797386;30
32004;175;0.43103448275862066;18
249276;269;0.5056390977443609;8
178524;59;0.28921568627450983;3
242938;115;0.30666666666666664;7
351949;101;0.4488888888888889;4
347342;97;0.30990415335463256;5
269233;41;0.5;8
112751;43;0.4673913043478261;10
229671;261;0.4453924914675768;18
11895;65;0.24528301886792453;30
201851;103;0.569060773480663;5
351912;57;0.48717948717948717;10
209084;113;0.3923611111111111;20
172189;94;0.3836734693877551;36
312577;37;0.5211267605633803;6
279878;48;0.6;2
292573;72;0.22153846153846155;59
172182;96;0.27988338192419826;27
149522;62;0.5081967213114754;1
206041;143;0.5860655737704918;10
235134;121;0.4368231046931408;2
273729;289;0.39643347050754457;35
26974;89;0.5855263157894737;9
137041;45;0.32142857142857145;10
350365;63;0.3987341772151899;13
132057;62;0.6813186813186813;6
176216;151;0.5471014492753623;11
189957;140;0.24096385542168675;23
116885;112;0.24347826086956523;32
185486;130;0.37572254335260113;103
93158;80;0.43243243243243246;15
149556;137;0.5111940298507462;13
154505;59;0.45038167938931295;20
346671;52;0.416;7
42521;97;0.3464285714285714;19
31243;6;1.0;0
300173;43;0.31851851851851853;1
114340;60;0.19292604501607716;12
116834;90;0.5625;5
211751;56;0.37583892617449666;13
355428;74;0.5826771653543307;6
302263;103;0.42386831275720166;10
322214;198;0.40824742268041236;94
126644;83;0.3878504672897196;4
90510;119;0.44569288389513106;3
230940;86;0.28762541806020064;9
328619;102;0.6181818181818182;4
114326;99;0.309375;21
294287;84;0.24489795918367346;38
87685;49;0.44545454545454544;1
302259;112;0.345679012345679;26
93386;62;0.5636363636363636;6
231023;37;0.30833333333333335;10
221695;141;0.31543624161073824;31
55585;60;0.31413612565445026;16
277739;99;0.24146341463414633;45
149372;48;0.48;4
355484;133;0.525691699604743;15
177841;84;0.36363636363636365;6
312635;202;0.5113924050632911;8
230902;73;0.30416666666666664;37
280315;73;0.44785276073619634;8
347307;35;0.603448275862069;9
332430;84;0.4692737430167598;19
201983;270;0.5263157894736842;5
347178;91;0.3775933609958506;12
87687;81;0.29347826086956524;20
277427;64;0.34408602150537637;8
180911;262;0.43305785123966944;14
35349;129;0.3816568047337278;35
14748;63;0.4883720930232558;9
329044;75;0.42134831460674155;20
117240;79;0.341991341991342;7
201082;69;0.49640287769784175;4
296241;75;0.5769230769230769;5
176646;120;0.2912621359223301;14
184793;59;0.472;1
150722;55;0.514018691588785;0
244222;574;0.47674418604651164;24
221767;84;0.5185185185185185;8
205883;89;0.47593582887700536;18
328493;99;0.29819277108433734;13
227747;86;0.5308641975308642;14
205872;86;0.3412698412698413;8
346534;110;0.49327354260089684;14
43056;69;0.42073170731707316;3
196991;86;0.5149700598802395;15
201848;61;0.3388888888888889;9
123951;97;0.36466165413533835;24
31610;88;0.38427947598253276;21
11854;112;0.3446153846153846;11
322232;77;0.5202702702702703;3
224523;85;0.5743243243243243;0
149016;108;0.29427792915531337;26
16701;128;0.5333333333333333;2
329011;108;0.38162544169611307;4
11889;73;0.32882882882882886;5
343897;46;0.25;53
256401;92;0.3665338645418327;32
296228;31;0.33695652173913043;29
54464;47;0.618421052631579;1
155457;100;0.3067484662576687;24
314607;63;0.3888888888888889;5
237669;107;0.5977653631284916;7
149577;23;0.25;55
124748;54;0.33540372670807456;7
347343;88;0.3154121863799283;8
135822;265;0.37857142857142856;25
11851;83;0.28135593220338984;19
27838;39;0.7222222222222222;0
334311;63;0.5625;3
115080;86;0.5212121212121212;13
140190;85;0.4913294797687861;3
288503;412;0.4212678936605317;30
343514;107;0.3664383561643836;14
121486;26;0.3023255813953488;18
343495;52;0.40310077519379844;8
234343;71;0.3380952380952381;21
354044;5;1.0;0
292617;50;0.25380710659898476;52
198928;91;0.4099099099099099;21
143708;65;0.39634146341463417;19
279875;139;0.3904494382022472;83
210108;17;0.5666666666666667;0
226438;89;0.4472361809045226;6
328684;123;0.3245382585751979;62
35249;77;0.36492890995260663;11
54041;88;0.29931972789115646;38
42498;96;0.6114649681528662;2
230021;90;0.410958904109589;10
176076;58;0.38666666666666666;24
93416;62;0.40522875816993464;5
133952;56;0.3916083916083916;12
85434;87;0.3625;4
143882;75;0.7075471698113207;5
143722;27;0.2523364485981308;32
329033;98;0.5798816568047337;6
13111;74;0.46540880503144655;6
90525;71;0.33649289099526064;38
294323;115;0.3314121037463977;22
295992;98;0.3081761006289308;52
10876;199;0.33843537414965985;26
63219;60;0.5504587155963303;0
154513;84;0.38009049773755654;11
26038;61;0.21403508771929824;3
180915;218;0.48552338530066813;23
35914;60;0.32786885245901637;5
312633;223;0.42802303262955854;23
115068;134;0.536;5
300318;112;0.5137614678899083;8
346132;82;0.5290322580645161;3
178570;77;0.6470588235294118;6
302280;85;0.38990825688073394;29
280147;56;0.28426395939086296;19
128026;66;0.3350253807106599;28
205865;134;0.4944649446494465;34
26861;72;0.5373134328358209;4
330583;69;0.3631578947368421;6
360124;54;0.46956521739130436;5
294300;99;0.45;19
126639;85;0.38288288288288286;3
294130;122;0.26124197002141325;23
178574;65;0.47101449275362317;3
238175;26;0.7878787878787878;0
230007;101;0.4156378600823045;9
241039;101;0.4786729857819905;11
266045;65;0.5963302752293578;4
148835;124;0.36795252225519287;17
275706;72;0.4585987261146497;9
322249;67;0.39880952380952384;16
230944;100;0.38022813688212925;18
228904;75;0.635593220338983;7
328510;80;0.39603960396039606;14
42497;96;0.4;7
45294;129;0.542016806722689;5
149673;46;0.38333333333333336;18
328622;89;0.577922077922078;9
279857;103;0.5988372093023255;11
10590;100;0.2631578947368421;23
279104;117;0.5131578947368421;18
286254;77;0.3407079646017699;52
115083;84;0.631578947368421;13
144383;76;0.4810126582278481;5
106672;97;0.41452991452991456;19
117251;88;0.4055299539170507;3
174479;229;0.435361216730038;25
230022;120;0.36253776435045315;60
346134;58;0.453125;0
90494;70;0.660377358490566;1
172431;94;0.34944237918215615;12
314295;79;0.32916666666666666;8
108995;97;0.521505376344086;7
128342;109;0.48878923766816146;11
230006;57;0.3496932515337423;38
11273;64;0.6213592233009708;5
230567;101;0.2774725274725275;25
163858;191;0.5350140056022409;24
127805;145;0.3634085213032581;19
206055;124;0.5990338164251208;5
142322;72;0.254416961130742;126
337595;59;0.4068965517241379;31
149320;65;0.3299492385786802;11
102059;112;0.17582417582417584;54
279703;57;0.504424778761062;6
237923;92;0.3607843137254902;14
172428;53;0.2314410480349345;16
322284;147;0.4651898734177215;16
10935;60;0.4838709677419355;7
16706;250;0.5580357142857143;26
53996;95;0.4896907216494845;15
144457;55;0.1903114186851211;36
293704;62;0.5299145299145299;0
71667;71;0.48299319727891155;1
300171;74;0.25170068027210885;51
114327;98;0.33447098976109213;13
16708;100;0.6410256410256411;13
23966;153;0.41689373297002724;8
242923;78;0.30708661417322836;8
175634;109;0.5343137254901961;12
286420;98;0.21923937360178972;82
128417;74;0.3915343915343915;22
268708;67;0.3116279069767442;5
112729;68;0.5112781954887218;7
230603;53;0.5096153846153846;9
343611;72;0.36;6
231044;102;0.5368421052631579;2
347889;220;0.4631578947368421;55
201980;148;0.5156794425087108;3
84991;44;0.3826086956521739;15
11887;44;0.3464566929133858;28
104570;84;0.5283018867924528;17
269240;70;0.546875;7
334299;76;0.37623762376237624;7
166213;172;0.4636118598382749;21
301547;192;0.4146868250539957;14
288504;305;0.5690298507462687;21
80017;35;0.36082474226804123;3
218995;67;0.18662952646239556;53
282086;102;0.4533333333333333;11
231144;59;0.5363636363636364;2
226441;67;0.25868725868725867;44
234385;88;0.43137254901960786;10
129040;175;0.39325842696629215;20
112728;82;0.640625;3
282477;62;0.16103896103896104;30
54295;243;0.31153846153846154;17
35357;53;0.2994350282485876;21
294339;85;0.2891156462585034;14
295658;164;0.43157894736842106;9
211987;68;0.6938775510204082;4
31605;58;0.37662337662337664;10
343923;109;0.46382978723404256;20
204007;91;0.5449101796407185;11
32043;86;0.38565022421524664;9
66193;55;0.6626506024096386;5
334729;144;0.39452054794520547;32
243324;103;0.5421052631578948;6
15839;60;0.6976744186046512;2
301544;94;0.3643410852713178;33
342586;62;0.33879781420765026;6
140093;95;0.536723163841808;2
324;299;0.4018817204301075;20
176381;156;0.5416666666666666;13
251847;53;0.38686131386861317;11
361086;118;0.3241758241758242;8
90499;5;1.0;0
257669;410;0.45353982300884954;25
203223;86;0.2975778546712803;32
282462;66;0.27049180327868855;12
115226;74;0.2222222222222222;91
230656;86;0.33992094861660077;13
38594;90;0.5202312138728323;17
259926;344;0.4556291390728477;28
183421;35;0.4069767441860465;10
282465;61;0.11151736745886655;30
355571;121;0.5789473684210527;4
210120;27;0.7297297297297297;0
337606;65;0.5555555555555556;16
203194;52;0.28888888888888886;5
35237;113;0.3704918032786885;11
230020;90;0.2465753424657534;59
328;341;0.36904761904761907;31
280316;55;0.27918781725888325;32
296787;83;0.3360323886639676;35
322164;129;0.3394736842105263;21
201813;88;0.4251207729468599;9
205878;120;0.49586776859504134;5
39235;97;0.4217391304347826;28
234400;135;0.4231974921630094;11
140377;58;0.23868312757201646;14
94432;75;0.5813953488372093;2
259292;90;0.4147465437788018;14
216173;91;0.5;6
243290;92;0.6052631578947368;3
23971;137;0.5150375939849624;5
333185;55;0.5913978494623656;11
346554;3;0.6;0
291453;115;0.44061302681992337;17
242937;79;0.3891625615763547;9
43066;82;0.4120603015075377;24
219584;98;0.4666666666666667;14
318186;335;0.3507853403141361;39
90533;110;0.5288461538461539;14
230560;57;0.252212389380531;25
126996;322;0.3302564102564103;24
117212;136;0.4133738601823708;10
294275;112;0.4014336917562724;19
11888;167;0.25;70
154551;47;0.6714285714285714;3
1067;88;0.23848238482384823;35
279498;82;0.3904761904761905;43
360446;65;0.2981651376146789;14
149667;79;0.4619883040935672;3
281927;113;0.34662576687116564;49
328612;69;0.49640287769784175;15
198921;71;0.27734375;7
161477;149;0.2759259259259259;82
259294;78;0.43575418994413406;17
106663;31;0.27927927927927926;8
241032;72;0.5538461538461539;1
85857;111;0.5285714285714286;8
234326;89;0.36929460580912865;29
135538;17;0.8095238095238095;0
279491;133;0.6100917431192661;7
329100;102;0.425;8
229142;107;0.31378299120234604;28
96683;55;0.6179775280898876;9
227584;55;0.2972972972972973;19
211982;76;0.4779874213836478;4
149024;139;0.3582474226804124;19
116844;129;0.42295081967213116;10
243398;94;0.5465116279069767;7
227583;61;0.40131578947368424;15
314909;117;0.40625;16
328669;116;0.2606741573033708;8
334321;60;0.40268456375838924;1
54460;215;0.5321782178217822;18
127784;60;0.31413612565445026;16
234358;82;0.36444444444444446;12
26946;95;0.6168831168831169;7
91349;94;0.38524590163934425;4
334316;91;0.44607843137254904;7
357837;98;0.3798449612403101;56
201923;114;0.3890784982935154;14
185454;137;0.38375350140056025;16
154518;42;0.6666666666666666;2
201889;132;0.4583333333333333;2
109192;4;0.07692307692307693;45
155653;22;0.1456953642384106;41
97269;76;0.4418604651162791;16
297081;46;0.3458646616541353;6
142327;105;0.3322784810126582;78
271777;107;0.428;9
243402;98;0.3487544483985765;20
132472;61;0.488;2
95174;114;0.42696629213483145;9
128351;78;0.37681159420289856;17
196938;93;0.32517482517482516;18
287719;69;0.1678832116788321;109
223410;94;0.3321554770318021;50
227751;130;0.41139240506329117;21
149572;92;0.38493723849372385;26
343937;92;0.24797843665768193;67
196937;94;0.22760290556900725;25
45260;65;0.37142857142857144;7
337125;72;0.44171779141104295;9
45297;66;0.6226415094339622;4
204828;94;0.49473684210526314;2
329050;98;0.30434782608695654;13
45321;125;0.49603174603174605;10
107214;120;0.449438202247191;18
198873;54;0.38028169014084506;22
230956;60;0.375;19
288502;279;0.4043478260869565;14
31907;154;0.4652567975830816;16
312585;216;0.30337078651685395;69
201918;138;0.5702479338842975;5
229220;98;0.35507246376811596;13
176652;106;0.3037249283667622;29
24502;88;0.43781094527363185;28
202678;73;0.437125748502994;17
54287;201;0.39644970414201186;46
230001;74;0.3020408163265306;58
144411;89;0.42788461538461536;4
334236;65;0.38235294117647056;0
344888;103;0.5421052631578948;5
343915;107;0.41472868217054265;2
173887;95;0.4846938775510204;22
149674;61;0.2785388127853881;17
143829;52;0.30409356725146197;17
173885;80;0.4166666666666667;16
250212;151;0.41032608695652173;8
150718;17;0.4146341463414634;16
160168;92;0.4423076923076923;22
279871;104;0.4622222222222222;34
45271;81;0.5225806451612903;4
309421;46;0.45544554455445546;9
322154;132;0.5176470588235295;11
66739;39;0.45348837209302323;3
125116;89;0.2956810631229236;22
300708;47;0.4845360824742268;5
227581;97;0.3050314465408805;14
295649;58;0.47540983606557374;5
3881;79;0.6638655462184874;6
163835;64;0.5517241379310345;0
143832;99;0.27123287671232876;6
230877;65;0.3532608695652174;5
160029;95;0.4797979797979798;15
117377;87;0.3020833333333333;53
136363;76;0.2550335570469799;17
343506;79;0.4619883040935672;6
149654;48;0.366412213740458;25
19828;7;0.875;0
178566;104;0.5683060109289617;3
196973;103;0.3576388888888889;49
278451;113;0.24458874458874458;11
35258;92;0.31833910034602075;22
84996;59;0.3259668508287293;3
175439;136;0.38857142857142857;8
198913;92;0.4577114427860697;6
178575;76;0.4578313253012048;12
284205;93;0.36904761904761907;17
286289;82;0.36283185840707965;33
14757;55;0.632183908045977;0
185484;104;0.3895131086142322;35
163881;85;0.2777777777777778;34
239587;66;0.5945945945945946;4
292630;61;0.2584745762711864;3
355535;57;0.6477272727272727;8
116932;157;0.3060428849902534;42
178499;73;0.4294117647058823;13
80006;44;0.36065573770491804;0
264771;89;0.6013513513513513;10
13419;190;0.4387990762124711;22
201910;91;0.4232558139534884;21
172179;76;0.19895287958115182;32
127563;53;0.2774869109947644;17
31618;76;0.33480176211453744;23
201084;73;0.31601731601731603;8
109191;17;0.17894736842105263;35
257660;274;0.44625407166123776;15
31908;85;0.2552552552552553;15
97621;38;0.3247863247863248;12
201770;196;0.4206008583690987;16
312508;204;0.44155844155844154;13
303684;108;0.46153846153846156;10
318181;408;0.39043062200956935;60
1055;75;0.4838709677419355;21
70044;108;0.5192307692307693;23
323675;34;0.7727272727272727;0
14761;74;0.5522388059701493;4
155464;76;0.2753623188405797;11
357801;92;0.2920634920634921;25
42485;76;0.5507246376811594;16
66194;39;0.6964285714285714;2
290323;61;0.4206896551724138;3
201869;75;0.2840909090909091;15
33072;143;0.44272445820433437;7
331426;34;0.21656050955414013;8
226439;67;0.3526315789473684;19
300326;98;0.35;19
97836;92;0.5542168674698795;8
154554;43;0.6417910447761194;8
115078;58;0.5918367346938775;4
337469;75;0.5102040816326531;7
350364;184;0.3177892918825561;18
97606;44;0.15827338129496402;25
332360;103;0.5309278350515464;20
328514;52;0.3270440251572327;43
178527;43;0.6323529411764706;9
197564;66;0.6055045871559633;7
14759;65;0.45454545454545453;3
190050;80;0.41025641025641024;19
300170;48;0.3779527559055118;5
161478;113;0.3610223642172524;19
158207;42;0.34710743801652894;4
301556;103;0.46396396396396394;15
132464;23;0.575;10
221107;54;0.453781512605042;1
198862;78;0.34513274336283184;11
325;174;0.4254278728606357;18
266050;90;0.5732484076433121;8
145774;24;0.06266318537859007;162
117315;47;0.47959183673469385;21
90511;118;0.5592417061611374;9
106966;83;0.4689265536723164;22
329165;76;0.4175824175824176;20
169508;137;0.35400516795865633;18
124745;41;0.41836734693877553;18
234360;96;0.35294117647058826;19
350058;152;0.46060606060606063;9
11844;50;0.21929824561403508;14
359208;87;0.3129496402877698;38
221914;83;0.32936507936507936;40
80955;60;0.4;4
184378;102;0.375;42
361076;118;0.4013605442176871;27
353297;76;0.2992125984251969;47
261;313;0.410761154855643;66
257841;74;0.3203463203463203;35
107221;165;0.375;30
117388;68;0.384180790960452;24
266052;103;0.44782608695652176;18
86525;79;0.33617021276595743;33
127565;21;0.3684210526315789;18
279867;104;0.5875706214689266;13
144402;83;0.4486486486486487;10
88296;87;0.4860335195530726;4
265;219;0.4311023622047244;38
122178;85;0.4146341463414634;5
266043;98;0.43171806167400884;7
91786;180;0.46511627906976744;11
248244;89;0.4635416666666667;17
67085;56;0.42748091603053434;7
278457;89;0.489010989010989;15
312648;242;0.5138004246284501;9
221915;131;0.445578231292517;19
67498;62;0.484375;3
357831;79;0.441340782122905;7
294282;65;0.24344569288389514;24
187205;112;0.3373493975903614;24
149367;51;0.30177514792899407;10
330614;17;0.8095238095238095;0
360172;68;0.3675675675675676;11
14101;66;0.6055045871559633;11
124347;46;0.42201834862385323;1
283697;42;0.3559322033898305;10
26967;61;0.5922330097087378;4
204824;107;0.3119533527696793;15
139766;77;0.5579710144927537;3
148830;133;0.32839506172839505;79
86520;77;0.3155737704918033;19
274;240;0.4006677796327212;39
189949;130;0.28761061946902655;50
69708;166;0.24375917767988253;25
176071;59;0.37341772151898733;14
88856;72;0.29508196721311475;18
91328;90;0.4787234042553192;8
322196;66;0.2357142857142857;49
303124;400;0.33472803347280333;67
35909;63;0.45;7
343787;94;0.5838509316770186;6
136362;88;0.31095406360424027;22
117370;89;0.4063926940639269;39
45264;77;0.5099337748344371;8
221670;91;0.35135135135135137;17
176376;126;0.4012738853503185;16
31623;84;0.3230769230769231;14
295674;69;0.69;1
334327;67;0.44370860927152317;9
175134;84;0.3925233644859813;17
144385;79;0.41578947368421054;4
322197;135;0.35340314136125656;70
351964;83;0.27666666666666667;32
271791;94;0.47;6
3663;94;0.47474747474747475;12
222510;82;0.37962962962962965;13
300815;77;0.6111111111111112;3
176227;85;0.5029585798816568;17
205993;135;0.7068062827225131;9
328651;78;0.6842105263157895;5
130046;39;0.32231404958677684;6
45267;204;0.4722222222222222;10
86548;83;0.453551912568306;7
198931;119;0.425;12
132619;57;0.2511013215859031;63
328988;101;0.44298245614035087;4
33089;156;0.3696682464454976;8
293305;83;0.267741935483871;45
135971;118;0.39464882943143814;14
16119;90;0.5027932960893855;19
240993;68;0.6732673267326733;2
294305;66;0.358695652173913;2
160236;67;0.5403225806451613;1
198857;50;0.42016806722689076;6
88299;107;0.428;8
291520;63;0.5943396226415094;12
176258;85;0.4497354497354497;5
198878;53;0.3680555555555556;19
126636;55;0.3273809523809524;5
317272;90;0.3629032258064516;19
292554;96;0.3254237288135593;75
245799;109;0.5069767441860465;2
354740;77;0.3632075471698113;33
346674;66;0.36666666666666664;27
210203;22;0.7857142857142857;3
30749;73;0.3230088495575221;16
101236;174;0.32044198895027626;185
294284;71;0.36787564766839376;57
357817;85;0.4009433962264151;21
221910;107;0.5515463917525774;11
340276;83;0.5;3
70992;76;0.19338422391857507;88
111298;92;0.4200913242009132;21
360116;57;0.32386363636363635;12
196935;91;0.24594594594594596;47
248611;103;0.3083832335329341;18
169517;104;0.23529411764705882;60
154504;77;0.36492890995260663;9
232264;48;0.4528301886792453;3
231021;58;0.30526315789473685;4
96681;88;0.2732919254658385;83
343906;84;0.6131386861313869;2
314147;52;0.4406779661016949;13
333187;63;0.24803149606299213;63
169772;122;0.37888198757763975;28
47354;95;0.33687943262411346;17
26941;20;0.1694915254237288;38
262;331;0.41478696741854637;12
230564;53;0.4015151515151515;3
190598;92;0.4107142857142857;12
294317;124;0.30845771144278605;39
169515;75;0.2976190476190476;8
303432;114;0.32664756446991405;19
176654;111;0.2444933920704846;14
342562;105;0.5497382198952879;11
139271;66;0.5038167938931297;7
302268;109;0.4560669456066946;14
329124;95;0.39915966386554624;17
132448;82;0.5985401459854015;11
10602;111;0.5;9
329120;105;0.39923954372623577;9
107567;129;0.49236641221374045;2
92763;173;0.38963963963963966;35
87758;57;0.30978260869565216;33
339424;97;0.3333333333333333;27
316269;395;0.45717592592592593;26
238179;100;0.4807692307692308;14
145771;15;0.04966887417218543;164
107216;92;0.3129251700680272;14
329026;102;0.504950495049505;13
139770;82;0.5774647887323944;3
88620;60;0.3973509933774834;23
31266;94;0.38524590163934425;2
279728;94;0.3560606060606061;29
298930;75;0.27472527472527475;8
189716;71;0.7029702970297029;2
279870;87;0.5612903225806452;18
278444;81;0.29347826086956524;14
201913;155;0.5381944444444444;8
190605;84;0.4666666666666667;22
205314;48;0.6666666666666666;2
13425;187;0.49340369393139843;12
163863;112;0.338368580060423;57
330617;88;0.4230769230769231;22
180405;114;0.5205479452054794;15
230019;58;0.35365853658536583;25
31984;37;0.24025974025974026;35
279709;88;0.4782608695652174;22
232231;49;0.35251798561151076;22
163800;131;0.4309210526315789;12
111273;49;0.6901408450704225;2
277430;74;0.31092436974789917;21
38975;105;0.3684210526315789;16
201899;237;0.4030612244897959;21
343786;94;0.3884297520661157;22
67503;35;0.3125;29
282466;90;0.17013232514177692;37
344745;73;0.39037433155080214;5
196990;92;0.2169811320754717;21
128032;78;0.5777777777777777;3
93408;105;0.65625;2
61533;75;0.4934210526315789;11
67080;81;0.3875598086124402;8
31979;59;0.5514018691588785;11
107562;127;0.33687002652519893;13
269234;42;0.4117647058823529;4
279911;57;0.5588235294117647;5
127005;350;0.3305004721435316;34
334282;55;0.5;16
328494;82;0.5030674846625767;9
117374;107;0.4053030303030303;26
279514;110;0.2669902912621359;62
350049;105;0.35353535353535354;13
132056;75;0.7075471698113207;7
201957;130;0.5508474576271186;8
239321;49;0.5212765957446809;1
102436;70;0.3783783783783784;22
154510;73;0.553030303030303;3
349924;106;0.44166666666666665;19
298934;58;0.19463087248322147;61
216186;44;0.29931972789115646;20
252415;46;0.2081447963800905;5
239596;74;0.592;11
230387;71;0.355;4
286240;92;0.20956719817767655;84
112756;39;0.7358490566037735;0
88781;58;0.5471698113207547;8
238796;92;0.5380116959064327;5
95141;77;0.3235294117647059;38
279492;95;0.6643356643356644;5
184371;103;0.37454545454545457;46
278173;65;0.5416666666666666;2
245794;123;0.5801886792452831;7
116725;100;0.5154639175257731;11
348556;119;0.5242290748898678;12
157419;66;0.4888888888888889;16
292570;48;0.22325581395348837;37
175154;104;0.2639593908629442;17
335079;93;0.20484581497797358;42
245073;76;0.4175824175824176;27
355543;79;0.4968553459119497;10
337592;56;0.21621621621621623;168
282010;90;0.32967032967032966;16
268702;123;0.2633832976445396;62
128409;73;0.3613861386138614;21
14762;61;0.6853932584269663;5
344796;102;0.2749326145552561;45
136169;103;0.24178403755868544;21
96677;99;0.46919431279620855;6
239593;54;0.46153846153846156;4
286284;91;0.2668621700879765;37
221698;83;0.3915094339622642;17
330938;126;0.5833333333333334;16
155649;48;0.15789473684210525;47
354583;86;0.44559585492227977;4
33086;103;0.3377049180327869;41
143681;43;0.24022346368715083;29
3589;46;0.19327731092436976;33
16027;108;0.45569620253164556;13
334830;21;0.5833333333333334;0
149606;69;0.552;7
257667;406;0.4084507042253521;23
343760;42;0.27450980392156865;6
13123;61;0.5169491525423728;8
277342;84;0.2074074074074074;66
5052;81;0.6532258064516129;4
182339;98;0.2934131736526946;13
294327;97;0.3089171974522293;5
66593;47;0.3643410852713178;6
256414;138;0.5111111111111111;15
322174;79;0.4817073170731707;6
288625;84;0.48554913294797686;35
115126;172;0.4942528735632184;13
184347;119;0.38762214983713356;27
85429;139;0.5791666666666667;7
260166;100;0.5102040816326531;7
286256;91;0.4117647058823529;11
203112;59;0.22868217054263565;52
263852;94;0.5696969696969697;8
63417;115;0.4092526690391459;0
54002;74;0.38144329896907214;17
31607;31;0.14220183486238533;9
292568;62;0.19195046439628483;49
176233;49;0.3798449612403101;9
278522;131;0.5695652173913044;8
330090;76;0.304;8
45076;81;0.49693251533742333;7
231032;54;0.43902439024390244;3
132350;101;0.2885714285714286;29
351971;80;0.35874439461883406;24
122190;69;0.44516129032258067;16
154544;55;0.3107344632768362;0
331422;65;0.5038759689922481;3
160207;58;0.46774193548387094;3
259275;79;0.24458204334365324;38
343934;78;0.3880597014925373;26
357771;145;0.4367469879518072;37
230965;59;0.45038167938931295;16
312504;261;0.46113074204946997;22
245078;117;0.4775510204081633;12
351907;88;0.5641025641025641;16
35352;87;0.4084507042253521;15
9963;56;0.3916083916083916;30
16146;115;0.3993055555555556;32
121434;57;0.41304347826086957;16
241031;93;0.384297520661157;63
251845;42;0.5915492957746479;20
90228;96;0.3037974683544304;20
358665;32;0.7111111111111111;5
3609;52;0.6419753086419753;6
144406;96;0.4383561643835616;11
293709;46;0.3898305084745763;27
322340;102;0.2677165354330709;35
297950;42;0.3684210526315789;5
90485;70;0.546875;11
248236;75;0.4032258064516129;11
234321;57;0.30978260869565216;5
334310;47;0.5802469135802469;4
86529;62;0.45925925925925926;8
279873;64;0.45714285714285713;9
45077;37;0.5;2
91827;73;0.2693726937269373;18
295958;96;0.5680473372781065;3
97618;40;0.22099447513812154;20
85438;81;0.36160714285714285;16
157060;40;0.3305785123966942;2
240998;64;0.4025157232704403;24
93428;44;0.5057471264367817;5
140088;58;0.43283582089552236;32
354385;101;0.3333333333333333;11
115138;89;0.6402877697841727;3
342548;88;0.4489795918367347;21
300814;78;0.6290322580645161;6
192779;57;0.2923076923076923;11
149568;57;0.57;11
201927;72;0.36548223350253806;2
160196;84;0.6086956521739131;9
355578;57;0.5428571428571428;6
66198;76;0.2629757785467128;8
54243;323;0.38682634730538923;50
3597;71;0.40804597701149425;38
243330;77;0.27598566308243727;2
90531;82;0.6074074074074074;4
149357;65;0.2914798206278027;9
334328;76;0.4318181818181818;8
3516;88;0.3562753036437247;6
355354;63;0.34806629834254144;12
111270;46;0.5348837209302325;3
69016;89;0.3662551440329218;17
104571;62;0.3522727272727273;6
88787;83;0.45604395604395603;2
206050;107;0.5661375661375662;7
149018;91;0.5112359550561798;15
106572;63;0.2903225806451613;2
290236;62;0.62;3
117261;78;0.3277310924369748;13
280308;59;0.24789915966386555;32
152393;87;0.24645892351274787;75
45081;117;0.34411764705882353;12
123971;123;0.22568807339449543;124
92868;126;0.3727810650887574;35
205876;106;0.4;12
80379;67;0.29130434782608694;32
234319;61;0.2946859903381642;16
123899;89;0.22418136020151133;41
56022;113;0.32471264367816094;21
93644;115;0.5778894472361809;6
303126;86;0.44329896907216493;11
136948;84;0.56;17
329093;95;0.5;7
280109;39;0.6964285714285714;1
280156;77;0.3869346733668342;21
252395;55;0.38461538461538464;6
130039;83;0.386046511627907;9
24694;80;0.6106870229007634;2
270;199;0.3797709923664122;17
163828;46;0.5897435897435898;7
349623;69;0.4233128834355828;6
292549;92;0.233502538071066;38
234406;78;0.46153846153846156;6
90487;64;0.39751552795031053;27
151197;273;0.4634974533106961;19
163886;53;0.2717948717948718;4
38976;83;0.3155893536121673;36
95137;84;0.6086956521739131;2
124739;74;0.3135593220338983;30
235396;119;0.5409090909090909;10
283791;94;0.5371428571428571;6
269239;37;0.4868421052631579;4
3515;95;0.5397727272727273;2
330318;39;0.639344262295082;8
88333;66;0.2578125;37
184345;111;0.4723404255319149;10
54040;111;0.5311004784688995;6
90452;128;0.45714285714285713;27
301542;192;0.4146868250539957;14
11896;82;0.27424749163879597;9
201974;87;0.4603174603174603;4
323479;70;0.49645390070921985;2
282022;47;0.3671875;16
177834;67;0.3333333333333333;20
322091;100;0.3937007874015748;26
234330;69;0.19827586206896552;48
250225;73;0.4101123595505618;5
329012;67;0.6203703703703703;2
235137;107;0.34516129032258064;5
24069;145;0.42151162790697677;16
218986;79;0.2947761194029851;23
201777;203;0.5126262626262627;16
134726;56;0.39436619718309857;6
328666;168;0.37250554323725055;12
85428;133;0.5659574468085107;9
97833;111;0.5311004784688995;11
237674;136;0.5291828793774319;5
238883;79;0.3542600896860987;5
111770;88;0.5714285714285714;7
125111;45;0.16981132075471697;25
294128;105;0.37906137184115524;8
312549;17;0.2073170731707317;10
328583;86;0.28013029315960913;43
230953;67;0.4240506329113924;16
154298;125;0.32051282051282054;34
105034;70;0.3333333333333333;7
230654;235;0.3228021978021978;29
143739;74;0.4277456647398844;25
144462;124;0.5321888412017167;3
256451;90;0.38626609442060084;27
206046;124;0.4460431654676259;11
62696;65;0.34574468085106386;0
125112;29;0.29591836734693877;14
343499;100;0.40816326530612246;19
132442;73;0.3882978723404255;19
210117;27;0.8709677419354839;2
288621;158;0.48024316109422494;12
322275;113;0.31301939058171746;4
177839;100;0.398406374501992;3
109655;87;0.45789473684210524;10
154537;88;0.3076923076923077;6
108991;95;0.5523255813953488;15
237926;89;0.4472361809045226;15
80008;49;0.494949494949495;11
10835;119;0.5721153846153846;6
201803;80;0.5405405405405406;18
235264;68;0.5964912280701754;4
28670;158;0.4744744744744745;10
264767;96;0.3127035830618892;11
322259;110;0.49327354260089684;7
102424;46;0.39316239316239315;4
283559;115;0.1969178082191781;68
39077;87;0.3799126637554585;31
294301;114;0.32664756446991405;39
292578;66;0.3142857142857143;16
346535;178;0.3469785575048733;26
326508;60;0.31413612565445026;16
195646;75;0.3424657534246575;10
38590;95;0.4846938775510204;20
185482;51;0.22077922077922077;99
117380;122;0.37538461538461537;80
346521;120;0.47244094488188976;15
54044;134;0.4123076923076923;12
243405;118;0.5673076923076923;5
357838;117;0.48148148148148145;13
44628;52;0.24644549763033174;50
286381;28;0.3218390804597701;42
110168;54;0.24107142857142858;29
69021;72;0.39344262295081966;5
330098;89;0.39555555555555555;8
31250;62;0.34065934065934067;14
116840;198;0.5;33
149167;105;0.4393305439330544;9
230908;68;0.3222748815165877;16
85010;63;0.48091603053435117;2
273723;255;0.39781591263650545;31
227119;96;0.23471882640586797;13
329052;66;0.4074074074074074;12
45057;41;0.6507936507936508;3
330579;90;0.4864864864864865;17
219002;81;0.42408376963350786;37
184971;61;0.42657342657342656;13
357834;114;0.4634146341463415;14
279711;100;0.5376344086021505;17
327;345;0.44689119170984454;26
348315;199;0.5669515669515669;11
47350;55;0.3160919540229885;31
28362;74;0.2740740740740741;7
234418;63;0.45985401459854014;6
71948;49;0.44545454545454544;5
16142;128;0.3575418994413408;20
132458;5;0.7142857142857143;0
237671;190;0.5428571428571428;7
77346;105;0.603448275862069;2
201804;153;0.446064139941691;24
38535;60;0.46511627906976744;1
201901;51;0.30357142857142855;6
5050;116;0.6041666666666666;5
330101;100;0.35714285714285715;12
169511;75;0.3768844221105528;37
54239;257;0.41788617886178864;19
277441;87;0.6083916083916084;4
116268;81;0.6532258064516129;20
149186;81;0.5094339622641509;13
296089;100;0.5319148936170213;20
127536;74;0.3474178403755869;33
13121;68;0.43870967741935485;23
326705;31;0.12109375;28
279708;58;0.5471698113207547;11
82176;71;0.5035460992907801;33
35337;84;0.5526315789473685;1
6977;3;0.08823529411764706;0
96862;69;0.33495145631067963;12
213972;66;0.38372093023255816;3
28690;108;0.2621359223300971;25
277394;74;0.31092436974789917;21
359550;158;0.27241379310344827;20
65898;78;0.43333333333333335;26
292506;93;0.24155844155844156;28
175799;82;0.3253968253968254;81
206660;257;0.41318327974276525;23
69707;149;0.33111111111111113;10
53756;124;0.4979919678714859;14
245155;222;0.29838709677419356;42
14574;30;0.5660377358490566;7
93776;90;0.28125;15
198052;93;0.1949685534591195;85
14871;86;0.22994652406417113;26
173558;109;0.36212624584717606;42
224842;115;0.34226190476190477;8
125916;275;0.4122938530734633;8
315057;110;0.30985915492957744;25
5575;78;0.42857142857142855;4
110660;69;0.2262295081967213;6
207148;101;0.5642458100558659;1
222975;130;0.36312849162011174;6
201376;2;0.06896551724137931;0
242178;156;0.47560975609756095;28
70131;168;0.4745762711864407;9
235912;46;0.5227272727272727;5
160350;60;0.43478260869565216;3
242084;67;0.6907216494845361;5
230737;71;0.3604060913705584;43
248931;98;0.632258064516129;4
35203;103;0.3344155844155844;17
185233;86;0.3706896551724138;5
25009;189;0.5384615384615384;15
224418;109;0.3303030303030303;52
156974;127;0.5772727272727273;11
139649;109;0.3449367088607595;14
14891;81;0.5328947368421053;2
18083;128;0.5289256198347108;11
341075;59;0.48760330578512395;10
100477;209;0.3245341614906832;24
181159;99;0.3142857142857143;11
136487;80;0.6106870229007634;8
90823;99;0.21108742004264391;14
283110;81;0.2066326530612245;47
226365;63;0.2413793103448276;55
83758;71;0.3641025641025641;3
212903;147;0.34186046511627904;11
326647;102;0.3177570093457944;52
317195;254;0.38368580060422963;19
338966;73;0.477124183006536;3
84588;64;0.7191011235955056;3
183647;70;0.4046242774566474;23
227502;65;0.6565656565656566;4
95966;80;0.5228758169934641;7
301831;53;0.36054421768707484;8
331247;298;0.30284552845528456;28
111702;72;0.3870967741935484;20
261547;107;0.656441717791411;1
91417;58;0.3841059602649007;5
130996;76;0.29571984435797666;45
285534;72;0.16589861751152074;68
125942;123;0.328;12
150875;90;0.6818181818181818;2
277202;129;0.37719298245614036;21
27938;505;0.4301533219761499;31
309392;116;0.26666666666666666;62
150708;33;0.24444444444444444;13
62830;49;0.4188034188034188;7
287803;74;0.21637426900584794;35
347480;54;0.54;1
139475;109;0.3707482993197279;10
93563;62;0.3875;22
205058;203;0.35365853658536583;15
186355;125;0.6830601092896175;3
316817;74;0.3425925925925926;17
135467;67;0.5317460317460317;1
61747;56;0.3076923076923077;28
246140;193;0.3243697478991597;8
261833;153;0.5444839857651246;7
307321;82;0.4039408866995074;1
19083;75;0.6521739130434783;4
154918;111;0.4269230769230769;14
166822;80;0.4020100502512563;28
85568;51;0.53125;5
246643;31;0.24031007751937986;41
331912;78;0.3170731707317073;12
31489;96;0.5106382978723404;10
321102;260;0.4173354735152488;51
161528;21;0.1826086956521739;19
28926;103;0.33225806451612905;17
350445;98;0.41350210970464135;8
77927;85;0.551948051948052;13
144995;162;0.30111524163568776;26
314181;60;0.46875;9
32463;58;0.6444444444444445;4
297417;60;0.25210084033613445;18
126951;290;0.40221914008321774;22
352068;99;0.3173076923076923;23
303153;122;0.24015748031496062;20
104130;213;0.3622448979591837;29
221263;37;0.27007299270072993;6
270535;98;0.4206008583690987;16
330418;112;0.5517241379310345;13
337046;79;0.6030534351145038;10
331317;89;0.5393939393939394;16
339069;76;0.15767634854771784;21
285554;80;0.21390374331550802;45
313672;73;0.5104895104895105;2
257027;78;0.26621160409556316;7
176993;38;0.24516129032258063;29
543;35;0.5223880597014925;0
278297;101;0.42616033755274263;8
197190;96;0.7559055118110236;9
19858;89;0.46113989637305697;33
66959;85;0.5782312925170068;3
324848;64;0.5079365079365079;6
92637;107;0.4713656387665198;10
284492;94;0.4253393665158371;6
190517;128;0.3526170798898072;30
139573;85;0.5414012738853503;1
122879;91;0.3053691275167785;61
30662;57;0.25333333333333335;20
360878;77;0.5460992907801419;13
280020;104;0.5875706214689266;6
197217;28;0.45901639344262296;6
279769;82;0.2939068100358423;36
333690;183;0.5736677115987461;29
359079;61;0.4765625;12
305801;137;0.40412979351032446;6
33863;142;0.3488943488943489;17
183868;128;0.49230769230769234;13
146291;58;0.19205298013245034;25
289852;118;0.659217877094972;3
131552;130;0.4626334519572954;11
239580;45;0.4205607476635514;5
57799;60;0.4195804195804196;25
354192;67;0.26171875;14
350004;136;0.28274428274428276;17
45431;26;0.7428571428571429;0
263537;93;0.41517857142857145;13
23102;153;0.345372460496614;63
133397;78;0.1925925925925926;47
265760;137;0.43630573248407645;44
304865;100;0.5524861878453039;2
315113;139;0.2808080808080808;40
182441;124;0.6231155778894473;5
13505;50;0.4;6
117290;71;0.5035460992907801;3
270275;78;0.47560975609756095;10
189524;40;0.2962962962962963;24
110339;64;0.32989690721649484;18
36672;44;0.352;6
12691;104;0.45414847161572053;18
284378;58;0.27884615384615385;6
31439;131;0.40061162079510704;5
125521;52;0.29714285714285715;13
296334;87;0.38666666666666666;3
200203;135;0.41411042944785276;28
166805;104;0.49056603773584906;14
129857;58;0.30851063829787234;12
96843;82;0.41414141414141414;16
83447;96;0.4067796610169492;8
71508;64;0.47058823529411764;8
343142;146;0.4520123839009288;20
101489;43;0.27564102564102566;25
310041;92;0.6133333333333333;2
130949;83;0.29856115107913667;4
79726;120;0.5286343612334802;13
70698;36;0.2589928057553957;35
345378;65;0.36312849162011174;9
140765;64;0.5714285714285714;3
102216;62;0.5081967213114754;3
71308;130;0.6280193236714976;1
42107;100;0.4065040650406504;11
258009;302;0.3389450056116723;27
307110;87;0.18087318087318088;93
300459;65;0.5652173913043478;1
30798;86;0.4777777777777778;7
31642;99;0.4782608695652174;20
172958;71;0.4965034965034965;6
103911;69;0.5036496350364964;18
108713;99;0.2668463611859838;40
242103;166;0.2120051085568327;13
327621;93;0.21933962264150944;61
295275;126;0.5407725321888412;3
344427;102;0.51;10
29672;25;0.17123287671232876;30
203627;137;0.4740484429065744;15
211554;103;0.36917562724014336;38
33017;120;0.35714285714285715;17
120831;175;0.3888888888888889;26
139352;90;0.6338028169014085;0
30690;75;0.4601226993865031;6
1073;154;0.48427672955974843;9
79408;109;0.34276729559748426;14
39610;138;0.38227146814404434;27
208576;85;0.397196261682243;5
288452;116;0.5714285714285714;9
97893;48;0.4444444444444444;2
27139;236;0.4738955823293173;8
29247;86;0.5276073619631901;14
284505;60;0.5555555555555556;4
348938;171;0.4222222222222222;10
11628;93;0.48186528497409326;6
276319;49;0.37404580152671757;4
292878;108;0.46551724137931033;9
56532;69;0.27058823529411763;9
64273;83;0.41919191919191917;10
193269;107;0.46320346320346323;9
317905;74;0.5606060606060606;10
214611;82;0.24924012158054712;9
238195;34;0.18579234972677597;46
127160;314;0.5080906148867314;24
264148;124;0.3924050632911392;14
63686;102;0.4358974358974359;18
119960;95;0.5828220858895705;3
297134;81;0.6377952755905512;5
212689;210;0.33707865168539325;22
239601;28;0.18543046357615894;9
192145;82;0.2939068100358423;23
124841;28;0.26666666666666666;22
251554;86;0.6013986013986014;2
200612;141;0.42342342342342343;29
97381;98;0.3726235741444867;17
113534;68;0.24028268551236748;13
238894;107;0.5;4
177969;70;0.4430379746835443;5
223875;188;0.42058165548098436;14
250128;84;0.4375;3
292172;308;0.3476297968397291;20
184782;97;0.4110169491525424;10
157145;107;0.33126934984520123;29
104058;143;0.5478927203065134;11
79964;213;0.4057142857142857;10
156572;44;0.32116788321167883;23
151470;102;0.6181818181818182;4
276309;64;0.5765765765765766;2
79330;138;0.41566265060240964;12
301810;104;0.46017699115044247;12
246830;109;0.3771626297577855;14
166024;58;0.5225225225225225;6
162324;88;0.5146198830409356;10
295948;56;0.27184466019417475;22
66407;49;0.5764705882352941;3
61001;123;0.5720930232558139;12
118009;89;0.35039370078740156;6
236757;52;0.4094488188976378;11
243641;48;0.4948453608247423;9
236733;23;0.6571428571428571;0
234566;75;0.35545023696682465;3
238853;46;0.6388888888888888;2
166310;33;0.4342105263157895;6
218552;242;0.34620886981402005;65
28718;91;0.3215547703180212;11
260849;34;0.3469387755102041;0
182261;32;0.32989690721649484;5
345082;52;0.5473684210526316;4
154944;116;0.4393939393939394;7
356203;98;0.7313432835820896;1
306344;69;0.42857142857142855;17
179725;212;0.4317718940936864;30
106314;105;0.26854219948849106;63
249013;89;0.3739495798319328;21
85493;103;0.36524822695035464;7
319893;135;0.4470198675496689;23
296148;100;0.6024096385542169;6
26767;67;0.4652777777777778;4
258693;118;0.644808743169399;7
62042;68;0.4533333333333333;6
188334;35;0.7608695652173914;2
344963;97;0.5672514619883041;4
281065;69;0.6388888888888888;5
354310;102;0.3300970873786408;13
237687;140;0.5737704918032787;8
261831;205;0.5256410256410257;9
349361;97;0.48743718592964824;8
132104;98;0.28160919540229884;34
311886;109;0.3538961038961039;10
101748;233;0.3524962178517398;47
152893;110;0.49327354260089684;12
272563;105;0.47085201793721976;9
43008;247;0.4591078066914498;14
175513;74;0.2690909090909091;60
142273;92;0.48677248677248675;7
110602;49;0.6805555555555556;8
323950;77;0.5579710144927537;4
50482;123;0.35964912280701755;41
185304;113;0.509009009009009;8
243276;72;0.6545454545454545;4
299353;106;0.5492227979274611;13
309972;181;0.4491315136476427;13
26478;54;0.54;8
216730;97;0.25064599483204136;23
306557;77;0.3701923076923077;13
57302;5;0.08771929824561403;0
57965;77;0.5539568345323741;12
142242;84;0.28378378378378377;12
261903;59;0.5566037735849056;9
324118;89;0.5493827160493827;1
76214;52;0.348993288590604;3
172748;112;0.3333333333333333;10
267531;103;0.2976878612716763;40
14228;69;0.2936170212765957;11
338465;72;0.3333333333333333;31
291710;246;0.384375;24
339531;112;0.4497991967871486;17
115402;83;0.3132075471698113;10
165789;69;0.20353982300884957;21
219542;166;0.47564469914040114;10
215929;56;0.6829268292682927;1
128370;105;0.42338709677419356;0
274025;40;0.49382716049382713;2
99957;110;0.3313253012048193;32
34657;87;0.5178571428571429;39
12446;61;0.20198675496688742;31
332012;72;0.5950413223140496;17
129056;63;0.2903225806451613;2
190283;74;0.4157303370786517;15
218798;57;0.3958333333333333;9
82673;89;0.4362745098039216;20
201042;114;0.4453125;21
88809;115;0.4136690647482014;34
142423;49;0.550561797752809;16
223987;104;0.29714285714285715;30
179965;174;0.4484536082474227;11
143392;46;0.359375;0
349886;50;0.5813953488372093;1
108392;35;0.47297297297297297;20
48237;113;0.452;13
206393;212;0.3745583038869258;38
345335;36;0.2926829268292683;40
349875;66;0.6470588235294118;4
3162;72;0.2737642585551331;1
307255;147;0.2876712328767123;108
115822;91;0.3433962264150943;4
132657;53;0.6022727272727273;8
246586;66;0.5;7
217329;53;0.32919254658385094;17
9364;19;0.5;28
279070;82;0.36283185840707965;62
133653;155;0.23628048780487804;39
29141;98;0.46445497630331756;3
182570;84;0.5637583892617449;8
147414;80;0.3187250996015936;24
212809;75;0.5952380952380952;13
281605;79;0.1649269311064718;14
28801;103;0.5885714285714285;6
51673;291;0.43047337278106507;28
143549;133;0.24721189591078066;19
140600;81;0.4550561797752809;6
5933;43;0.7543859649122807;0
285924;77;0.39285714285714285;13
68985;54;0.4426229508196721;14
81915;96;0.4067796610169492;22
301711;47;0.44339622641509435;13
204525;71;0.5461538461538461;1
59796;56;0.2692307692307692;10
310064;133;0.4889705882352941;5
35927;75;0.3488372093023256;1
123841;247;0.42586206896551726;22
9836;112;0.4890829694323144;23
343485;111;0.24611973392461198;9
213478;234;0.4854771784232365;21
163525;48;0.45714285714285713;27
16335;76;0.2835820895522388;20
51284;48;0.2742857142857143;88
233324;106;0.2782152230971129;21
290697;90;0.6040268456375839;5
310397;156;0.5379310344827586;22
62851;36;0.43373493975903615;1
168693;152;0.3318777292576419;55
118872;128;0.3144963144963145;28
299436;67;0.6633663366336634;4
211023;68;0.4594594594594595;26
63754;68;0.6296296296296297;2
218105;65;0.4642857142857143;19
101083;80;0.47337278106508873;10
117132;120;0.4013377926421405;18
278733;106;0.31268436578171094;31
273634;243;0.4727626459143969;20
133055;127;0.25502008032128515;18
232090;84;0.5526315789473685;4
232100;79;0.3237704918032787;22
342368;35;0.2892561983471074;9
87234;75;0.5952380952380952;2
359772;92;0.6052631578947368;4
45894;65;0.6372549019607843;0
196172;164;0.40594059405940597;23
358451;79;0.5;14
339716;104;0.4642857142857143;6
171333;120;0.39603960396039606;12
85943;133;0.46830985915492956;9
113853;91;0.19782608695652174;35
31215;114;0.5205479452054794;10
264868;59;0.16905444126074498;29
276632;97;0.5132275132275133;2
181960;17;0.22077922077922077;13
288530;278;0.29732620320855613;38
343257;148;0.354916067146283;132
238775;91;0.3699186991869919;8
78621;286;0.4489795918367347;35
138083;91;0.3611111111111111;8
292856;91;0.3540856031128405;11
20908;105;0.3763440860215054;17
100237;116;0.4915254237288136;0
69224;168;0.45776566757493187;3
183948;171;0.4830508474576271;23
339732;128;0.31683168316831684;34
191394;185;0.4907161803713528;20
216741;114;0.3343108504398827;6
249403;242;0.40878378378378377;19
322130;79;0.5602836879432624;3
111166;74;0.2642857142857143;12
278111;390;0.36585365853658536;35
145797;95;0.4318181818181818;23
341262;61;0.3370165745856354;16
39039;79;0.4010152284263959;13
82499;140;0.4472843450479233;26
207881;39;0.4148936170212766;1
295054;41;0.1583011583011583;11
117983;113;0.5330188679245284;11
134610;90;0.45454545454545453;4
187348;121;0.5525114155251142;9
48001;126;0.39375;8
93902;114;0.2331288343558282;30
206544;73;0.37628865979381443;12
277851;100;0.5376344086021505;19
166811;67;0.4161490683229814;9
186632;91;0.4008810572687225;11
188959;136;0.591304347826087;15
29878;113;0.5136363636363637;7
315992;129;0.258;51
198075;126;0.22105263157894736;64
60674;72;0.4260355029585799;14
316256;216;0.5167464114832536;12
35450;71;0.4251497005988024;8
111685;58;0.4264705882352941;8
85782;198;0.5196850393700787;10
320045;122;0.3057644110275689;14
9742;94;0.35074626865671643;14
278408;156;0.30115830115830117;31
173994;122;0.5570776255707762;14
10304;240;0.3560830860534125;41
140856;120;0.425531914893617;17
142114;86;0.33858267716535434;34
305110;100;0.40816326530612246;22
207000;67;0.5726495726495726;8
78739;90;0.3237410071942446;14
98680;128;0.4740740740740741;11
126139;222;0.4051094890510949;31
134512;56;0.37583892617449666;17
141212;89;0.3617886178861789;14
89935;123;0.3867924528301887;11
279534;45;0.5172413793103449;15
49905;103;0.3355048859934853;9
227847;98;0.47804878048780486;21
192155;199;0.3153724247226624;15
181281;98;0.23728813559322035;89
60164;103;0.24523809523809523;12
251345;60;0.6593406593406593;3
29782;87;0.4393939393939394;4
86746;63;0.48091603053435117;10
129813;105;0.3523489932885906;2
179255;72;0.5538461538461539;17
296993;2;0.05;0
60348;71;0.3622448979591837;26
268426;83;0.48823529411764705;10
312044;121;0.42160278745644597;41
153571;78;0.18840579710144928;44
53706;118;0.3064935064935065;14
160333;90;0.4838709677419355;5
187558;112;0.4357976653696498;37
46153;61;0.3333333333333333;29
86984;100;0.4807692307692308;5
156925;105;0.5497382198952879;9
71367;63;0.23773584905660378;22
181335;55;0.1909722222222222;41
226686;101;0.23218390804597702;39
177981;61;0.33152173913043476;20
49636;77;0.44508670520231214;13
104524;38;0.25675675675675674;8
200898;126;0.28187919463087246;7
279692;52;0.5416666666666666;12
7557;106;0.5792349726775956;6
48942;140;0.4046242774566474;9
48504;120;0.5309734513274337;36
105545;113;0.5824742268041238;4
342056;193;0.3403880070546737;22
237206;99;0.5963855421686747;5
48773;63;0.6923076923076923;3
14402;82;0.47674418604651164;27
18471;85;0.3648068669527897;13
221861;86;0.3161764705882353;4
283106;112;0.33633633633633636;17
155281;105;0.35;29
306556;97;0.4801980198019802;17
26783;111;0.4723404255319149;13
258658;157;0.4077922077922078;12
257976;206;0.5073891625615764;24
275300;67;0.3621621621621622;11
304423;87;0.36401673640167365;12
265273;115;0.25442477876106195;27
121873;99;0.2357142857142857;27
253247;174;0.26851851851851855;20
84928;60;0.31088082901554404;10
140666;50;0.5555555555555556;3
235968;57;0.32571428571428573;12
196318;92;0.44019138755980863;5
241405;99;0.47596153846153844;7
115637;102;0.27945205479452057;10
293931;82;0.3374485596707819;27
21881;202;0.3079268292682927;35
154032;116;0.28361858190709044;29
69422;154;0.3938618925831202;36
44546;89;0.357429718875502;46
159514;114;0.24358974358974358;35
134240;104;0.5024154589371981;4
301842;109;0.2945945945945946;5
97110;116;0.4264705882352941;8
346204;250;0.2870264064293915;64
265594;262;0.5379876796714579;16
3969;59;0.6704545454545454;10
37145;91;0.6275862068965518;5
269673;52;0.39097744360902253;6
322502;249;0.5436681222707423;8
310238;63;0.34615384615384615;17
109262;91;0.6026490066225165;12
80733;125;0.36023054755043227;44
73712;93;0.31958762886597936;19
170265;318;0.265;140
313062;354;0.4018161180476731;32
156617;92;0.4339622641509434;10
155992;96;0.5026178010471204;9
32196;99;0.30275229357798167;29
116133;123;0.5747663551401869;5
136646;184;0.4412470023980815;24
180214;82;0.6029411764705882;5
238550;101;0.5941176470588235;0
235679;127;0.43197278911564624;8
105298;211;0.42369477911646586;28
24799;56;0.5045045045045045;7
7900;116;0.4444444444444444;45
223445;15;0.10948905109489052;0
110114;53;0.43089430894308944;4
280720;62;0.5740740740740741;2
64016;55;0.3873239436619718;21
283491;85;0.4748603351955307;0
348935;123;0.3554913294797688;40
108387;93;0.5;0
146575;81;0.23546511627906977;21
361234;129;0.2710084033613445;32
59783;84;0.6614173228346457;1
155664;46;0.17898832684824903;65
147522;64;0.378698224852071;9
355842;58;0.6373626373626373;2
270027;76;0.3838383838383838;44
321139;288;0.37257438551099614;26
80818;49;0.28;5
126831;68;0.3253588516746411;18
109334;55;0.3793103448275862;4
55827;67;0.40606060606060607;50
274538;124;0.37462235649546827;36
254699;125;0.44802867383512546;16
205966;88;0.43349753694581283;26
37352;89;0.5816993464052288;9
72167;58;0.17365269461077845;51
280596;92;0.4623115577889447;2
122048;36;0.4931506849315068;33
59830;127;0.4721189591078067;25
348245;71;0.6513761467889908;8
131698;363;0.5417910447761194;27
263562;135;0.3125;16
147447;68;0.5964912280701754;2
132485;69;0.3520408163265306;13
346097;125;0.4826254826254826;51
282123;205;0.24550898203592814;69
236147;87;0.6170212765957447;8
152183;113;0.2562358276643991;18
299769;83;0.5886524822695035;7
40102;103;0.3366013071895425;13
163563;105;0.5706521739130435;18
201564;97;0.2869822485207101;40
77130;211;0.3688811188811189;23
60082;88;0.4756756756756757;20
234085;106;0.5824175824175825;19
284614;42;0.2608695652173913;19
345762;72;0.2696629213483146;12
354303;111;0.3894736842105263;32
89898;60;0.5825242718446602;4
321338;33;0.32673267326732675;17
43488;75;0.7142857142857143;5
203131;71;0.30869565217391304;45
284681;95;0.4797979797979798;6
58662;101;0.20119521912350596;40
113579;29;0.08923076923076922;58
76447;66;0.4342105263157895;2
61807;105;0.36713286713286714;14
136911;109;0.3720136518771331;40
256323;122;0.4250871080139373;12
361655;104;0.6341463414634146;10
215078;85;0.2715654952076677;23
239318;24;0.14814814814814814;50
269026;47;0.42342342342342343;4
39041;74;0.3162393162393162;5
277859;86;0.5850340136054422;4
187357;99;0.39759036144578314;14
150674;126;0.5478260869565217;3
360470;70;0.6481481481481481;4
303239;327;0.38744075829383884;22
299231;92;0.5168539325842697;14
32626;97;0.7185185185185186;11
51700;112;0.5022421524663677;32
284766;135;0.47368421052631576;8
36603;72;0.36363636363636365;7
312854;37;0.15352697095435686;57
20506;270;0.3245192307692308;33
270656;94;0.4392523364485981;4
22225;196;0.27489481065918653;49
265811;192;0.3344947735191638;6
130142;116;0.5110132158590308;16
244118;82;0.4530386740331492;10
67117;74;0.4868421052631579;6
305554;59;0.28095238095238095;27
246351;49;0.3333333333333333;3
121855;146;0.26353790613718414;146
353464;77;0.4935897435897436;3
316033;138;0.3719676549865229;4
37894;93;0.34831460674157305;20
166777;52;0.24880382775119617;43
68506;346;0.35450819672131145;44
229733;83;0.30970149253731344;33
153811;106;0.39552238805970147;2
67285;113;0.4669421487603306;17
41337;166;0.3933649289099526;13
211128;131;0.34564643799472294;11
358498;135;0.5601659751037344;3
319959;79;0.3172690763052209;13
255124;105;0.34201954397394135;57
346015;228;0.504424778761062;22
303468;96;0.35555555555555557;9
294775;78;0.430939226519337;6
110045;118;0.466403162055336;9
149861;65;0.6770833333333334;2
295488;26;0.0718232044198895;82
349377;120;0.45112781954887216;12
210934;162;0.6585365853658537;5
223096;144;0.4897959183673469;10
205852;93;0.510989010989011;13
137828;66;0.6346153846153846;5
330367;116;0.5888324873096447;13
56995;87;0.6083916083916084;8
23568;142;0.5991561181434599;10
221497;134;0.28210526315789475;62
182043;85;0.4207920792079208;28
143587;94;0.32081911262798635;11
324981;142;0.3736842105263158;13
114695;142;0.5318352059925093;2
150818;115;0.5;4
298313;83;0.3688888888888889;13
281682;67;0.5775862068965517;11
247781;86;0.36909871244635195;21
241939;2;0.3333333333333333;0
351035;101;0.5401069518716578;4
178969;41;0.7592592592592593;2
81741;72;0.5625;5
345505;64;0.43243243243243246;6
194584;98;0.3798449612403101;4
7477;73;0.503448275862069;5
288;250;0.3776435045317221;36
315436;89;0.5668789808917197;7
340635;53;0.2864864864864865;20
72870;57;0.6477272727272727;4
317502;99;0.526595744680851;1
220713;55;0.39855072463768115;4
80765;206;0.47465437788018433;37
233762;90;0.3435114503816794;5
243370;71;0.5419847328244275;4
342468;55;0.2864583333333333;32
1083;79;0.33905579399141633;65
30674;100;0.5263157894736842;18
298701;61;0.5446428571428571;0
152208;122;0.31443298969072164;12
8592;112;0.4409448818897638;4
299188;129;0.375;6
136315;223;0.501123595505618;5
186023;326;0.31773879142300193;50
114894;120;0.5150214592274678;3
271770;55;0.38461538461538464;8
94311;54;0.5684210526315789;2
27908;91;0.2116279069767442;48
338518;71;0.25448028673835127;76
306331;56;0.25225225225225223;20
74186;69;0.5798319327731093;0
178914;82;0.4205128205128205;25
21108;101;0.5489130434782609;10
17440;95;0.4166666666666667;16
244981;87;0.5117647058823529;12
109051;49;0.34265734265734266;23
262614;83;0.42783505154639173;11
153729;119;0.4541984732824427;17
276791;90;0.3879310344827586;50
265780;122;0.4621212121212121;16
195154;49;0.4016393442622951;9
353397;130;0.5531914893617021;21
79619;65;0.36312849162011174;8
123754;282;0.39943342776203966;40
217717;75;0.5681818181818182;6
143436;88;0.3492063492063492;35
76036;88;0.3424124513618677;15
188811;118;0.5291479820627802;11
26750;105;0.4605263157894737;16
252449;92;0.5111111111111111;6
138630;111;0.37;40
40254;74;0.5692307692307692;2
259023;65;0.6190476190476191;7
65624;84;0.42424242424242425;8
331626;186;0.5;9
51811;26;0.203125;2
216537;126;0.39375;53
75896;107;0.3715277777777778;27
159226;101;0.30606060606060603;23
166618;244;0.43033509700176364;12
241052;52;0.3443708609271523;35
156205;119;0.3224932249322493;34
154088;93;0.26878612716763006;17
253843;80;0.5517241379310345;18
62018;75;0.27472527472527475;13
86940;97;0.3702290076335878;10
13883;68;0.46258503401360546;3
184221;62;0.3263157894736842;7
203431;57;0.3877551020408163;32
55067;88;0.41706161137440756;14
318772;64;0.2831858407079646;25
46002;117;0.31451612903225806;5
210505;108;0.4090909090909091;21
251352;80;0.3088803088803089;16
99732;195;0.4642857142857143;7
181248;53;0.6162790697674418;4
129422;103;0.5364583333333334;14
311024;84;0.30996309963099633;11
11544;75;0.47770700636942676;1
292310;136;0.4981684981684982;14
193741;40;0.23391812865497075;4
72497;10;0.5263157894736842;5
1089;38;0.15702479338842976;31
7763;148;0.33183856502242154;62
43459;116;0.6137566137566137;4
159498;12;0.8571428571428571;1
93583;110;0.3654485049833887;50
270270;61;0.5126050420168067;8
220561;67;0.3526315789473684;33
303301;184;0.44019138755980863;14
244271;124;0.5145228215767634;5
93338;80;0.6015037593984962;0
109467;73;0.44242424242424244;6
176092;54;0.4462809917355372;4
133323;66;0.528;17
6220;66;0.4489795918367347;15
11609;48;0.13872832369942195;26
326889;79;0.6422764227642277;3
293796;49;0.21120689655172414;104
10564;125;0.4280821917808219;20
313180;321;0.3635334088335221;108
334899;216;0.3317972350230415;51
146865;56;0.5436893203883495;4
329454;59;0.45384615384615384;5
86994;94;0.5465116279069767;15
38019;20;0.6060606060606061;2
236900;114;0.6514285714285715;11
351889;83;0.5608108108108109;6
44236;97;0.5987654320987654;3
246970;111;0.4977578475336323;14
233559;52;0.5842696629213483;3
19282;88;0.6111111111111112;3
158359;72;0.2801556420233463;76
163025;123;0.5491071428571429;8
189699;81;0.5472972972972973;13
330890;142;0.35678391959798994;14
258002;144;0.2796116504854369;69
217922;66;0.3626373626373626;14
104069;121;0.4143835616438356;8
199461;55;0.28350515463917525;51
299269;133;0.3715083798882682;7
123748;282;0.4645799011532125;22
31181;92;0.40350877192982454;4
183391;70;0.1837270341207349;90
327344;107;0.37943262411347517;5
150869;90;0.5660377358490566;2
150679;96;0.39669421487603307;20
240158;115;0.39792387543252594;7
317141;98;0.4206008583690987;7
306010;105;0.4525862068965517;2
90128;82;0.25625;48
93569;117;0.5391705069124424;12
83267;100;0.5128205128205128;14
310033;54;0.2488479262672811;12
209921;71;0.33490566037735847;20
91549;82;0.5125;5
53676;81;0.5159235668789809;9
333192;57;0.32386363636363635;13
281009;107;0.5631578947368421;5
77425;131;0.40683229813664595;11
11655;86;0.3115942028985507;30
142608;57;0.3958333333333333;6
314730;92;0.3484848484848485;35
69383;79;0.316;9
123842;324;0.40248447204968946;22
239275;47;0.5108695652173914;2
17376;57;0.5588235294117647;3
361049;61;0.3546511627906977;18
39553;38;0.475;10
30175;132;0.39285714285714285;19
222168;54;0.5567010309278351;20
167673;65;0.4961832061068702;3
13406;58;0.20714285714285716;62
159731;72;0.5373134328358209;1
34023;86;0.46994535519125685;18
12231;30;0.38961038961038963;18
40228;47;0.46078431372549017;12
174980;450;0.5821474773609314;21
219261;2;0.1111111111111111;0
66107;81;0.27181208053691275;9
76997;93;0.2852760736196319;8
59207;267;0.4435215946843854;20
180889;231;0.3553846153846154;31
354833;93;0.22518159806295399;19
201610;97;0.4349775784753363;3
66639;85;0.397196261682243;51
33738;240;0.4316546762589928;15
148684;71;0.6016949152542372;1
78037;150;0.4838709677419355;9
84059;137;0.4597315436241611;40
133526;83;0.7980769230769231;0
40994;434;0.45067497403946;24
283632;46;0.3150684931506849;15
31111;61;0.2863849765258216;9
163584;78;0.42162162162162165;11
48572;137;0.5131086142322098;0
203055;109;0.3920863309352518;10
169476;25;0.373134328358209;0
109368;99;0.4267241379310345;3
130274;77;0.43258426966292135;4
335757;108;0.28272251308900526;27
144321;83;0.43915343915343913;9
96092;68;0.4594594594594595;5
81465;192;0.29721362229102166;29
26636;50;0.4;3
301609;74;0.5323741007194245;14
330330;29;0.5272727272727272;1
18124;70;0.3684210526315789;17
125208;69;0.15575620767494355;61
16067;88;0.704;3
29708;99;0.34375;20
100158;31;0.2897196261682243;36
290025;66;0.275;25
207298;59;0.6344086021505376;4
158855;27;0.7297297297297297;0
217728;79;0.4463276836158192;9
218053;84;0.38181818181818183;39
105623;185;0.41950113378684806;25
45570;74;0.18781725888324874;35
285080;112;0.28;39
209593;86;0.441025641025641;9
40544;73;0.1967654986522911;5
44938;45;0.42452830188679247;11
185323;50;0.4032258064516129;0
93731;54;0.2887700534759358;13
155616;46;0.3006535947712418;4
21665;125;0.41254125412541254;25
63696;69;0.2623574144486692;42
222374;91;0.7054263565891473;2
170845;97;0.49489795918367346;6
141334;46;0.2822085889570552;13
193830;334;0.22192691029900333;77
51377;92;0.2996742671009772;34
270627;37;0.6491228070175439;6
243937;176;0.32653061224489793;26
164162;189;0.31239669421487604;39
21873;253;0.37987987987987987;45
171890;73;0.3029045643153527;9
302801;133;0.5450819672131147;12
45436;121;0.4708171206225681;38
188551;326;0.5054263565891473;15
340250;78;0.22674418604651161;25
223050;68;0.6732673267326733;6
280327;66;0.5038167938931297;11
184090;106;0.381294964028777;17
50381;100;0.6493506493506493;4
93800;110;0.2879581151832461;11
213954;60;0.2803738317757009;35
29497;133;0.48188405797101447;5
52453;99;0.2903225806451613;24
136329;104;0.3701067615658363;5
191566;107;0.49537037037037035;11
139502;338;0.427307206068268;16
267180;70;0.3783783783783784;10
63646;124;0.28440366972477066;20
287228;56;0.6222222222222222;6
359114;69;0.23076923076923078;53
128711;126;0.5675675675675675;3
275272;67;0.29385964912280704;9
123351;66;0.2509505703422053;26
309500;87;0.3686440677966102;10
91632;82;0.5774647887323944;2
266205;71;0.40804597701149425;23
207102;94;0.29652996845425866;19
69564;61;0.34269662921348315;8
359245;96;0.26301369863013696;3
67916;38;0.34234234234234234;8
214978;55;0.275;29
204063;117;0.42391304347826086;19
285278;132;0.4489795918367347;12
13948;69;0.6448598130841121;6
44220;90;0.43478260869565216;19
286880;81;0.39901477832512317;45
167200;98;0.3402777777777778;10
351999;69;0.44805194805194803;20
338626;55;0.6043956043956044;3
242090;91;0.325;14
257076;80;0.3225806451612903;33
245107;75;0.3588516746411483;29
307261;105;0.26184538653366585;7
68536;203;0.41598360655737704;24
346426;234;0.3588957055214724;29
45388;115;0.5476190476190477;6
82659;80;0.33613445378151263;48
261257;110;0.3654485049833887;13
51328;76;0.38;12
196116;65;0.5603448275862069;7
41534;65;0.42483660130718953;13
236378;81;0.6183206106870229;3
154956;76;0.39790575916230364;13
327578;87;0.32706766917293234;24
131853;197;0.3608058608058608;30
318211;128;0.3878787878787879;15
277084;73;0.24579124579124578;38
182302;77;0.3407079646017699;6
56782;63;0.48091603053435117;6
167792;49;0.29518072289156627;44
72612;230;0.3814262023217247;12
357042;183;0.3796680497925311;14
352037;72;0.39344262295081966;6
221570;62;0.43661971830985913;4
313940;69;0.6160714285714286;3
289996;99;0.20081135902636918;30
250509;199;0.5452054794520548;26
57932;124;0.4679245283018868;5
160067;67;0.4240506329113924;12
304141;91;0.3333333333333333;27
44021;87;0.30526315789473685;56
109607;68;0.5714285714285714;8
97880;65;0.5078125;10
128299;65;0.6074766355140186;16
140733;127;0.30528846153846156;52
263212;75;0.4807692307692308;2
10366;70;0.5555555555555556;4
124807;64;0.4740740740740741;13
217164;70;0.45161290322580644;13
25590;74;0.7047619047619048;2
229520;47;0.5280898876404494;8
164910;67;0.32367149758454106;33
249787;69;0.22186495176848875;27
239494;89;0.6544117647058824;0
361191;75;0.29069767441860467;15
358726;114;0.2608695652173913;38
54203;321;0.45726495726495725;11
106513;71;0.3333333333333333;5
304140;95;0.5248618784530387;3
146213;110;0.3273809523809524;18
125050;78;0.2582781456953642;58
276570;49;0.4224137931034483;17
318178;134;0.5338645418326693;12
262992;101;0.463302752293578;5
132775;126;0.5833333333333334;0
294436;43;0.40186915887850466;2
349326;69;0.5227272727272727;8
124619;42;0.31343283582089554;13
139548;70;0.5223880597014925;7
238064;146;0.3772609819121447;38
35430;96;0.6114649681528662;8
130333;48;0.1791044776119403;9
337220;106;0.47533632286995514;9
333903;76;0.49673202614379086;1
139728;108;0.4251968503937008;35
279551;92;0.4791666666666667;14
143971;23;0.3382352941176471;8
276280;84;0.3387096774193548;11
301762;46;0.5609756097560976;7
259455;45;0.2903225806451613;6
90070;125;0.40716612377850164;6
102854;173;0.4818941504178273;11
198971;198;0.28989751098096633;16
221709;79;0.42934782608695654;17
158588;152;0.42696629213483145;15
72901;52;0.7536231884057971;1
242865;95;0.4634146341463415;8
7694;68;0.3655913978494624;5
