326822;101;0.5401069518716578;269;166
221904;167;0.5529801324503312;1133;427
202681;99;0.41422594142259417;353;152
271793;87;0.5117647058823529;658;259
128027;58;0.2510822510822511;494;153
257205;126;0.4315068493150685;740;221
31624;79;0.3062015503875969;1341;318
149147;93;0.36904761904761907;562;235
117238;62;0.21754385964912282;4253;963
110087;63;0.5887850467289719;93;62
134725;50;0.352112676056338;232;96
203205;165;0.39473684210526316;1193;307
278521;93;0.3675889328063241;1182;336
239624;50;0.4;653;216
196267;48;0.5517241379310345;78;47
190604;79;0.28832116788321166;575;206
176214;147;0.5444444444444444;1406;532
171635;143;0.5035211267605634;242;142
351906;54;0.6136363636363636;1066;402
357810;111;0.5362318840579711;1769;479
312594;171;0.4090909090909091;3294;1024
169516;78;0.42391304347826086;1252;319
346538;138;0.5247148288973384;1124;397
248616;153;0.5795454545454546;844;366
337591;84;0.45901639344262296;564;206
189573;157;0.29961832061068705;466;156
328614;88;0.5238095238095238;5180;1117
93383;76;0.6333333333333333;687;281
201965;107;0.49767441860465117;5748;1450
266041;227;0.3709150326797386;1162;415
32004;175;0.43103448275862066;1381;428
249276;269;0.5056390977443609;1003;436
178524;59;0.28921568627450983;870;327
242938;115;0.30666666666666664;729;208
351949;101;0.4488888888888889;1066;402
347342;97;0.30990415335463256;793;236
269233;41;0.5;427;183
112751;43;0.4673913043478261;352;189
229671;261;0.4453924914675768;522;260
11895;65;0.24528301886792453;2075;441
201851;103;0.569060773480663;5748;1450
351912;57;0.48717948717948717;1066;402
209084;113;0.3923611111111111;256;112
172189;94;0.3836734693877551;843;203
312577;37;0.5211267605633803;3294;1024
279878;48;0.6;2180;627
292573;72;0.22153846153846155;2235;376
172182;96;0.27988338192419826;843;203
149522;62;0.5081967213114754;1973;471
206041;143;0.5860655737704918;974;486
235134;121;0.4368231046931408;511;195
273729;289;0.39643347050754457;1197;452
26974;89;0.5855263157894737;549;249
137041;45;0.32142857142857145;499;198
350365;63;0.3987341772151899;649;211
132057;62;0.6813186813186813;163;121
176216;151;0.5471014492753623;1406;532
189957;140;0.24096385542168675;1227;313
116885;112;0.24347826086956523;4253;963
185486;130;0.37572254335260113;1541;422
93158;80;0.43243243243243246;146;79
149556;137;0.5111940298507462;1973;471
154505;59;0.45038167938931295;1184;351
346671;52;0.416;259;101
42521;97;0.3464285714285714;719;264
31243;6;1.0;1237;407
300173;43;0.31851851851851853;911;278
114340;60;0.19292604501607716;786;191
116834;90;0.5625;4253;963
211751;56;0.37583892617449666;130;55
355428;74;0.5826771653543307;815;392
302263;103;0.42386831275720166;1665;433
322214;198;0.40824742268041236;3386;843
126644;83;0.3878504672897196;531;175
90510;119;0.44569288389513106;1472;534
230940;86;0.28762541806020064;3902;675
328619;102;0.6181818181818182;5180;1117
114326;99;0.309375;786;191
294287;84;0.24489795918367346;2753;548
87685;49;0.44545454545454544;316;112
302259;112;0.345679012345679;1665;433
93386;62;0.5636363636363636;687;281
231023;37;0.30833333333333335;3902;675
221695;141;0.31543624161073824;967;240
55585;60;0.31413612565445026;170;59
277739;99;0.24146341463414633;358;98
149372;48;0.48;1973;471
355484;133;0.525691699604743;815;392
177841;84;0.36363636363636365;595;194
312635;202;0.5113924050632911;3294;1024
230902;73;0.30416666666666664;3902;675
280315;73;0.44785276073619634;505;149
347307;35;0.603448275862069;793;236
332430;84;0.4692737430167598;302;170
201983;270;0.5263157894736842;5748;1450
347178;91;0.3775933609958506;793;236
87687;81;0.29347826086956524;316;112
277427;64;0.34408602150537637;1042;215
180911;262;0.43305785123966944;1513;577
35349;129;0.3816568047337278;1746;463
14748;63;0.4883720930232558;487;241
329044;75;0.42134831460674155;5180;1117
117240;79;0.341991341991342;4253;963
201082;69;0.49640287769784175;544;193
296241;75;0.5769230769230769;178;96
176646;120;0.2912621359223301;1059;255
184793;59;0.472;312;139
150722;55;0.514018691588785;241;94
244222;574;0.47674418604651164;1085;573
221767;84;0.5185185185185185;139;83
205883;89;0.47593582887700536;1173;437
328493;99;0.29819277108433734;5180;1117
227747;86;0.5308641975308642;969;280
205872;86;0.3412698412698413;1173;437
346534;110;0.49327354260089684;1124;397
43056;69;0.42073170731707316;300;130
196991;86;0.5149700598802395;1693;361
201848;61;0.3388888888888889;5748;1450
123951;97;0.36466165413533835;1053;244
31610;88;0.38427947598253276;1341;318
11854;112;0.3446153846153846;2075;441
322232;77;0.5202702702702703;3386;843
224523;85;0.5743243243243243;120;84
149016;108;0.29427792915531337;1461;433
16701;128;0.5333333333333333;749;413
329011;108;0.38162544169611307;5180;1117
11889;73;0.32882882882882886;2075;441
343897;46;0.25;1682;452
256401;92;0.3665338645418327;674;273
296228;31;0.33695652173913043;178;96
54464;47;0.618421052631579;3452;1116
155457;100;0.3067484662576687;527;144
314607;63;0.3888888888888889;622;211
237669;107;0.5977653631284916;923;436
149577;23;0.25;1973;471
124748;54;0.33540372670807456;417;132
347343;88;0.3154121863799283;793;236
135822;265;0.37857142857142856;621;265
11851;83;0.28135593220338984;2075;441
27838;39;0.7222222222222222;46;38
334311;63;0.5625;1214;326
115080;86;0.5212121212121212;986;438
140190;85;0.4913294797687861;151;84
288503;412;0.4212678936605317;2784;976
343514;107;0.3664383561643836;1126;283
121486;26;0.3023255813953488;71;25
343495;52;0.40310077519379844;1126;283
234343;71;0.3380952380952381;1029;265
354044;5;1.0;970;275
292617;50;0.25380710659898476;2235;376
198928;91;0.4099099099099099;1396;370
143708;65;0.39634146341463417;1011;236
279875;139;0.3904494382022472;2180;627
210108;17;0.5666666666666667;108;74
226438;89;0.4472361809045226;590;171
328684;123;0.3245382585751979;5180;1117
35249;77;0.36492890995260663;1746;463
54041;88;0.29931972789115646;1074;331
42498;96;0.6114649681528662;719;264
230021;90;0.410958904109589;1446;401
176076;58;0.38666666666666666;373;136
93416;62;0.40522875816993464;687;281
133952;56;0.3916083916083916;118;55
85434;87;0.3625;1084;392
143882;75;0.7075471698113207;80;74
143722;27;0.2523364485981308;1011;236
329033;98;0.5798816568047337;5180;1117
13111;74;0.46540880503144655;371;168
90525;71;0.33649289099526064;1472;534
294323;115;0.3314121037463977;2753;548
295992;98;0.3081761006289308;739;267
10876;199;0.33843537414965985;777;317
63219;60;0.5504587155963303;108;59
154513;84;0.38009049773755654;1184;351
26038;61;0.21403508771929824;249;60
180915;218;0.48552338530066813;1513;577
35914;60;0.32786885245901637;481;159
312633;223;0.42802303262955854;3294;1024
115068;134;0.536;986;438
300318;112;0.5137614678899083;911;278
346132;82;0.5290322580645161;484;215
178570;77;0.6470588235294118;870;327
302280;85;0.38990825688073394;1665;433
280147;56;0.28426395939086296;389;148
128026;66;0.3350253807106599;494;153
205865;134;0.4944649446494465;1173;437
26861;72;0.5373134328358209;549;249
330583;69;0.3631578947368421;541;200
360124;54;0.46956521739130436;252;93
294300;99;0.45;2753;548
126639;85;0.38288288288288286;531;175
294130;122;0.26124197002141325;649;176
178574;65;0.47101449275362317;870;327
238175;26;0.7878787878787878;690;253
230007;101;0.4156378600823045;1446;401
241039;101;0.4786729857819905;800;331
266045;65;0.5963302752293578;1162;415
148835;124;0.36795252225519287;1461;433
275706;72;0.4585987261146497;135;71
322249;67;0.39880952380952384;3386;843
230944;100;0.38022813688212925;3902;675
228904;75;0.635593220338983;104;74
328510;80;0.39603960396039606;5180;1117
42497;96;0.4;719;264
45294;129;0.542016806722689;1334;499
149673;46;0.38333333333333336;1973;471
328622;89;0.577922077922078;5180;1117
279857;103;0.5988372093023255;2180;627
10590;100;0.2631578947368421;778;257
279104;117;0.5131578947368421;1498;485
286254;77;0.3407079646017699;1713;353
115083;84;0.631578947368421;986;438
144383;76;0.4810126582278481;1293;385
106672;97;0.41452991452991456;286;120
117251;88;0.4055299539170507;4253;963
174479;229;0.435361216730038;446;228
230022;120;0.36253776435045315;1446;401
346134;58;0.453125;484;215
90494;70;0.660377358490566;1472;534
172431;94;0.34944237918215615;417;126
314295;79;0.32916666666666666;204;78
108995;97;0.521505376344086;306;170
128342;109;0.48878923766816146;906;308
230006;57;0.3496932515337423;1446;401
11273;64;0.6213592233009708;88;63
230567;101;0.2774725274725275;3902;675
163858;191;0.5350140056022409;1466;507
127805;145;0.3634085213032581;520;179
206055;124;0.5990338164251208;974;486
142322;72;0.254416961130742;660;207
337595;59;0.4068965517241379;564;206
149320;65;0.3299492385786802;1973;471
102059;112;0.17582417582417584;530;111
279703;57;0.504424778761062;2180;627
237923;92;0.3607843137254902;381;155
172428;53;0.2314410480349345;417;126
322284;147;0.4651898734177215;3386;843
10935;60;0.4838709677419355;777;317
16706;250;0.5580357142857143;749;413
53996;95;0.4896907216494845;1074;331
144457;55;0.1903114186851211;1293;385
293704;62;0.5299145299145299;202;96
71667;71;0.48299319727891155;224;109
300171;74;0.25170068027210885;911;278
114327;98;0.33447098976109213;786;191
16708;100;0.6410256410256411;749;413
23966;153;0.41689373297002724;570;248
242923;78;0.30708661417322836;729;208
175634;109;0.5343137254901961;170;108
286420;98;0.21923937360178972;1713;353
128417;74;0.3915343915343915;906;308
268708;67;0.3116279069767442;591;168
112729;68;0.5112781954887218;352;189
230603;53;0.5096153846153846;3902;675
343611;72;0.36;171;71
231044;102;0.5368421052631579;3902;675
347889;220;0.4631578947368421;417;219
201980;148;0.5156794425087108;5748;1450
84991;44;0.3826086956521739;380;125
11887;44;0.3464566929133858;2075;441
104570;84;0.5283018867924528;412;161
269240;70;0.546875;427;183
334299;76;0.37623762376237624;1214;326
166213;172;0.4636118598382749;319;171
301547;192;0.4146868250539957;1163;301
288504;305;0.5690298507462687;2784;976
80017;35;0.36082474226804123;269;108
218995;67;0.18662952646239556;704;174
282086;102;0.4533333333333333;191;101
231144;59;0.5363636363636364;91;58
226441;67;0.25868725868725867;590;171
234385;88;0.43137254901960786;1175;346
129040;175;0.39325842696629215;570;212
112728;82;0.640625;352;189
282477;62;0.16103896103896104;1467;198
54295;243;0.31153846153846154;3452;1116
35357;53;0.2994350282485876;1746;463
294339;85;0.2891156462585034;2753;548
295658;164;0.43157894736842106;539;244
211987;68;0.6938775510204082;217;131
31605;58;0.37662337662337664;1341;318
343923;109;0.46382978723404256;1682;452
204007;91;0.5449101796407185;143;90
32043;86;0.38565022421524664;1381;428
66193;55;0.6626506024096386;361;139
334729;144;0.39452054794520547;307;143
243324;103;0.5421052631578948;1333;405
15839;60;0.6976744186046512;74;59
301544;94;0.3643410852713178;1163;301
342586;62;0.33879781420765026;666;232
140093;95;0.536723163841808;273;132
324;299;0.4018817204301075;5856;1445
176381;156;0.5416666666666666;1406;532
251847;53;0.38686131386861317;162;87
361086;118;0.3241758241758242;569;203
90499;5;1.0;1472;534
257669;410;0.45353982300884954;2249;844
203223;86;0.2975778546712803;1193;307
282462;66;0.27049180327868855;1467;198
115226;74;0.2222222222222222;287;73
230656;86;0.33992094861660077;3902;675
38594;90;0.5202312138728323;436;191
259926;344;0.4556291390728477;674;343
183421;35;0.4069767441860465;77;34
282465;61;0.11151736745886655;1467;198
355571;121;0.5789473684210527;815;392
210120;27;0.7297297297297297;108;74
337606;65;0.5555555555555556;564;206
203194;52;0.28888888888888886;1193;307
35237;113;0.3704918032786885;1746;463
230020;90;0.2465753424657534;1446;401
328;341;0.36904761904761907;5856;1445
280316;55;0.27918781725888325;505;149
296787;83;0.3360323886639676;210;82
322164;129;0.3394736842105263;3386;843
201813;88;0.4251207729468599;5748;1450
205878;120;0.49586776859504134;1173;437
39235;97;0.4217391304347826;185;96
234400;135;0.4231974921630094;1175;346
140377;58;0.23868312757201646;208;57
94432;75;0.5813953488372093;116;74
259292;90;0.4147465437788018;744;210
216173;91;0.5;286;120
243290;92;0.6052631578947368;1333;405
23971;137;0.5150375939849624;570;248
333185;55;0.5913978494623656;429;146
346554;3;0.6;1124;397
291453;115;0.44061302681992337;315;161
242937;79;0.3891625615763547;729;208
43066;82;0.4120603015075377;300;130
219584;98;0.4666666666666667;173;97
318186;335;0.3507853403141361;1954;716
90533;110;0.5288461538461539;1472;534
230560;57;0.252212389380531;3902;675
126996;322;0.3302564102564103;2969;923
117212;136;0.4133738601823708;4253;963
294275;112;0.4014336917562724;2753;548
11888;167;0.25;2075;441
154551;47;0.6714285714285714;1184;351
1067;88;0.23848238482384823;1133;319
279498;82;0.3904761904761905;1498;485
360446;65;0.2981651376146789;179;64
149667;79;0.4619883040935672;1973;471
281927;113;0.34662576687116564;276;112
328612;69;0.49640287769784175;5180;1117
198921;71;0.27734375;1396;370
161477;149;0.2759259259259259;760;214
259294;78;0.43575418994413406;744;210
106663;31;0.27927927927927926;286;120
241032;72;0.5538461538461539;800;331
85857;111;0.5285714285714286;520;262
234326;89;0.36929460580912865;1029;265
135538;17;0.8095238095238095;18;16
279491;133;0.6100917431192661;1498;485
329100;102;0.425;5180;1117
229142;107;0.31378299120234604;522;175
96683;55;0.6179775280898876;854;266
227584;55;0.2972972972972973;969;280
211982;76;0.4779874213836478;217;131
149024;139;0.3582474226804124;1461;433
116844;129;0.42295081967213116;4253;963
243398;94;0.5465116279069767;1333;405
227583;61;0.40131578947368424;969;280
314909;117;0.40625;622;211
328669;116;0.2606741573033708;5180;1117
334321;60;0.40268456375838924;1214;326
54460;215;0.5321782178217822;3452;1116
127784;60;0.31413612565445026;520;179
234358;82;0.36444444444444446;1175;346
26946;95;0.6168831168831169;549;249
91349;94;0.38524590163934425;378;163
334316;91;0.44607843137254904;1214;326
357837;98;0.3798449612403101;1769;479
201923;114;0.3890784982935154;5748;1450
185454;137;0.38375350140056025;1541;422
154518;42;0.6666666666666666;1184;351
201889;132;0.4583333333333333;5748;1450
109192;4;0.07692307692307693;126;18
155653;22;0.1456953642384106;726;118
97269;76;0.4418604651162791;375;156
297081;46;0.3458646616541353;112;45
142327;105;0.3322784810126582;660;207
271777;107;0.428;658;259
243402;98;0.3487544483985765;1333;405
132472;61;0.488;799;276
95174;114;0.42696629213483145;557;220
128351;78;0.37681159420289856;906;308
196938;93;0.32517482517482516;1693;361
287719;69;0.1678832116788321;342;68
223410;94;0.3321554770318021;237;93
227751;130;0.41139240506329117;969;280
149572;92;0.38493723849372385;1973;471
343937;92;0.24797843665768193;1682;452
196937;94;0.22760290556900725;1693;361
45260;65;0.37142857142857144;1334;499
337125;72;0.44171779141104295;334;156
45297;66;0.6226415094339622;1334;499
204828;94;0.49473684210526314;462;175
329050;98;0.30434782608695654;5180;1117
45321;125;0.49603174603174605;1334;499
107214;120;0.449438202247191;1468;414
198873;54;0.38028169014084506;1396;370
230956;60;0.375;3902;675
288502;279;0.4043478260869565;2784;976
31907;154;0.4652567975830816;1381;428
312585;216;0.30337078651685395;3294;1024
201918;138;0.5702479338842975;5748;1450
229220;98;0.35507246376811596;522;175
176652;106;0.3037249283667622;1059;255
24502;88;0.43781094527363185;287;153
202678;73;0.437125748502994;353;152
54287;201;0.39644970414201186;3452;1116
230001;74;0.3020408163265306;1446;401
144411;89;0.42788461538461536;1293;385
334236;65;0.38235294117647056;1214;326
344888;103;0.5421052631578948;165;102
343915;107;0.41472868217054265;1682;452
173887;95;0.4846938775510204;343;155
149674;61;0.2785388127853881;1973;471
143829;52;0.30409356725146197;1011;236
173885;80;0.4166666666666667;343;155
250212;151;0.41032608695652173;651;247
150718;17;0.4146341463414634;241;94
160168;92;0.4423076923076923;496;235
279871;104;0.4622222222222222;2180;627
45271;81;0.5225806451612903;1334;499
309421;46;0.45544554455445546;79;45
322154;132;0.5176470588235295;3386;843
66739;39;0.45348837209302323;490;195
125116;89;0.2956810631229236;1031;232
300708;47;0.4845360824742268;297;165
227581;97;0.3050314465408805;969;280
295649;58;0.47540983606557374;539;244
3881;79;0.6638655462184874;105;78
163835;64;0.5517241379310345;1466;507
143832;99;0.27123287671232876;1011;236
230877;65;0.3532608695652174;3902;675
160029;95;0.4797979797979798;174;95
117377;87;0.3020833333333333;4253;963
136363;76;0.2550335570469799;755;213
343506;79;0.4619883040935672;1126;283
149654;48;0.366412213740458;1973;471
19828;7;0.875;6;6
178566;104;0.5683060109289617;870;327
196973;103;0.3576388888888889;1693;361
278451;113;0.24458874458874458;1182;336
35258;92;0.31833910034602075;1746;463
84996;59;0.3259668508287293;380;125
175439;136;0.38857142857142857;308;135
198913;92;0.4577114427860697;1396;370
178575;76;0.4578313253012048;870;327
284205;93;0.36904761904761907;219;92
286289;82;0.36283185840707965;1713;353
14757;55;0.632183908045977;487;241
185484;104;0.3895131086142322;1541;422
163881;85;0.2777777777777778;1466;507
239587;66;0.5945945945945946;653;216
292630;61;0.2584745762711864;2235;376
355535;57;0.6477272727272727;815;392
116932;157;0.3060428849902534;4253;963
178499;73;0.4294117647058823;870;327
80006;44;0.36065573770491804;269;108
264771;89;0.6013513513513513;388;165
13419;190;0.4387990762124711;717;318
201910;91;0.4232558139534884;5748;1450
172179;76;0.19895287958115182;843;203
127563;53;0.2774869109947644;384;129
31618;76;0.33480176211453744;1341;318
201084;73;0.31601731601731603;544;193
109191;17;0.17894736842105263;126;18
257660;274;0.44625407166123776;2249;844
31908;85;0.2552552552552553;1381;428
97621;38;0.3247863247863248;502;93
201770;196;0.4206008583690987;5748;1450
312508;204;0.44155844155844154;3294;1024
303684;108;0.46153846153846156;197;107
318181;408;0.39043062200956935;1954;716
1055;75;0.4838709677419355;1133;319
70044;108;0.5192307692307693;177;107
323675;34;0.7727272727272727;43;33
14761;74;0.5522388059701493;487;241
155464;76;0.2753623188405797;527;144
357801;92;0.2920634920634921;1769;479
42485;76;0.5507246376811594;719;264
66194;39;0.6964285714285714;361;139
290323;61;0.4206896551724138;117;60
201869;75;0.2840909090909091;5748;1450
33072;143;0.44272445820433437;926;287
331426;34;0.21656050955414013;250;87
226439;67;0.3526315789473684;590;171
300326;98;0.35;911;278
97836;92;0.5542168674698795;316;185
154554;43;0.6417910447761194;1184;351
115078;58;0.5918367346938775;986;438
337469;75;0.5102040816326531;128;74
350364;184;0.3177892918825561;649;211
97606;44;0.15827338129496402;502;93
332360;103;0.5309278350515464;302;170
328514;52;0.3270440251572327;5180;1117
178527;43;0.6323529411764706;870;327
197564;66;0.6055045871559633;92;65
14759;65;0.45454545454545453;487;241
190050;80;0.41025641025641024;1227;313
300170;48;0.3779527559055118;911;278
161478;113;0.3610223642172524;760;214
158207;42;0.34710743801652894;105;41
301556;103;0.46396396396396394;1163;301
132464;23;0.575;799;276
221107;54;0.453781512605042;107;53
198862;78;0.34513274336283184;1396;370
325;174;0.4254278728606357;5856;1445
266050;90;0.5732484076433121;1162;415
145774;24;0.06266318537859007;758;110
117315;47;0.47959183673469385;4253;963
90511;118;0.5592417061611374;1472;534
106966;83;0.4689265536723164;152;82
329165;76;0.4175824175824176;5180;1117
169508;137;0.35400516795865633;1252;319
124745;41;0.41836734693877553;417;132
234360;96;0.35294117647058826;1175;346
350058;152;0.46060606060606063;953;294
11844;50;0.21929824561403508;2075;441
359208;87;0.3129496402877698;561;166
221914;83;0.32936507936507936;1133;427
80955;60;0.4;133;59
184378;102;0.375;910;314
361076;118;0.4013605442176871;569;203
353297;76;0.2992125984251969;222;75
261;313;0.410761154855643;5856;1445
257841;74;0.3203463203463203;201;73
107221;165;0.375;1468;414
117388;68;0.384180790960452;4253;963
266052;103;0.44782608695652176;1162;415
86525;79;0.33617021276595743;694;210
127565;21;0.3684210526315789;384;129
279867;104;0.5875706214689266;2180;627
144402;83;0.4486486486486487;1293;385
88296;87;0.4860335195530726;730;223
265;219;0.4311023622047244;5856;1445
122178;85;0.4146341463414634;185;84
266043;98;0.43171806167400884;1162;415
91786;180;0.46511627906976744;338;179
248244;89;0.4635416666666667;844;366
67085;56;0.42748091603053434;490;195
278457;89;0.489010989010989;1182;336
312648;242;0.5138004246284501;3294;1024
221915;131;0.445578231292517;1133;427
67498;62;0.484375;420;174
357831;79;0.441340782122905;1769;479
294282;65;0.24344569288389514;2753;548
187205;112;0.3373493975903614;272;111
149367;51;0.30177514792899407;1973;471
330614;17;0.8095238095238095;541;200
360172;68;0.3675675675675676;155;67
14101;66;0.6055045871559633;190;118
124347;46;0.42201834862385323;90;45
283697;42;0.3559322033898305;103;41
26967;61;0.5922330097087378;549;249
204824;107;0.3119533527696793;462;175
139766;77;0.5579710144927537;457;218
148830;133;0.32839506172839505;1461;433
86520;77;0.3155737704918033;694;210
274;240;0.4006677796327212;5856;1445
189949;130;0.28761061946902655;1227;313
69708;166;0.24375917767988253;983;277
176071;59;0.37341772151898733;373;136
88856;72;0.29508196721311475;207;71
91328;90;0.4787234042553192;378;163
322196;66;0.2357142857142857;3386;843
303124;400;0.33472803347280333;1444;514
35909;63;0.45;481;159
343787;94;0.5838509316770186;1682;452
136362;88;0.31095406360424027;755;213
117370;89;0.4063926940639269;4253;963
45264;77;0.5099337748344371;1334;499
221670;91;0.35135135135135137;967;240
176376;126;0.4012738853503185;1406;532
31623;84;0.3230769230769231;1341;318
295674;69;0.69;539;244
334327;67;0.44370860927152317;1214;326
175134;84;0.3925233644859813;534;155
144385;79;0.41578947368421054;1293;385
322197;135;0.35340314136125656;3386;843
351964;83;0.27666666666666667;1066;402
271791;94;0.47;658;259
3663;94;0.47474747474747475;961;323
222510;82;0.37962962962962965;192;81
300815;77;0.6111111111111112;297;165
176227;85;0.5029585798816568;1406;532
205993;135;0.7068062827225131;974;486
328651;78;0.6842105263157895;5180;1117
130046;39;0.32231404958677684;900;287
45267;204;0.4722222222222222;1334;499
86548;83;0.453551912568306;694;210
198931;119;0.425;1396;370
132619;57;0.2511013215859031;799;276
328988;101;0.44298245614035087;5180;1117
33089;156;0.3696682464454976;926;287
293305;83;0.267741935483871;258;82
135971;118;0.39464882943143814;274;117
16119;90;0.5027932960893855;1011;351
240993;68;0.6732673267326733;800;331
294305;66;0.358695652173913;2753;548
160236;67;0.5403225806451613;496;235
198857;50;0.42016806722689076;1396;370
88299;107;0.428;730;223
291520;63;0.5943396226415094;315;161
176258;85;0.4497354497354497;1406;532
198878;53;0.3680555555555556;1396;370
126636;55;0.3273809523809524;531;175
317272;90;0.3629032258064516;218;89
292554;96;0.3254237288135593;2235;376
245799;109;0.5069767441860465;361;199
354740;77;0.3632075471698113;368;140
346674;66;0.36666666666666664;259;101
210203;22;0.7857142857142857;108;74
30749;73;0.3230088495575221;488;178
101236;174;0.32044198895027626;450;173
294284;71;0.36787564766839376;2753;548
357817;85;0.4009433962264151;1769;479
221910;107;0.5515463917525774;1133;427
340276;83;0.5;147;82
70992;76;0.19338422391857507;325;75
111298;92;0.4200913242009132;322;160
360116;57;0.32386363636363635;252;93
196935;91;0.24594594594594596;1693;361
248611;103;0.3083832335329341;844;366
169517;104;0.23529411764705882;1252;319
154504;77;0.36492890995260663;1184;351
232264;48;0.4528301886792453;208;89
231021;58;0.30526315789473685;3902;675
96681;88;0.2732919254658385;854;266
343906;84;0.6131386861313869;1682;452
314147;52;0.4406779661016949;211;102
333187;63;0.24803149606299213;429;146
169772;122;0.37888198757763975;275;121
47354;95;0.33687943262411346;393;135
26941;20;0.1694915254237288;549;249
262;331;0.41478696741854637;5856;1445
230564;53;0.4015151515151515;3902;675
190598;92;0.4107142857142857;575;206
294317;124;0.30845771144278605;2753;548
169515;75;0.2976190476190476;1252;319
303432;114;0.32664756446991405;541;166
176654;111;0.2444933920704846;1059;255
342562;105;0.5497382198952879;666;232
139271;66;0.5038167938931297;111;65
302268;109;0.4560669456066946;1665;433
329124;95;0.39915966386554624;5180;1117
132448;82;0.5985401459854015;799;276
10602;111;0.5;778;257
329120;105;0.39923954372623577;5180;1117
107567;129;0.49236641221374045;1468;414
92763;173;0.38963963963963966;647;253
87758;57;0.30978260869565216;153;56
339424;97;0.3333333333333333;265;96
316269;395;0.45717592592592593;1130;546
238179;100;0.4807692307692308;690;253
145771;15;0.04966887417218543;758;110
107216;92;0.3129251700680272;1468;414
329026;102;0.504950495049505;5180;1117
139770;82;0.5774647887323944;457;218
88620;60;0.3973509933774834;730;223
31266;94;0.38524590163934425;1237;407
279728;94;0.3560606060606061;2180;627
298930;75;0.27472527472527475;472;120
189716;71;0.7029702970297029;85;70
279870;87;0.5612903225806452;2180;627
278444;81;0.29347826086956524;1182;336
201913;155;0.5381944444444444;5748;1450
190605;84;0.4666666666666667;575;206
205314;48;0.6666666666666666;63;47
13425;187;0.49340369393139843;717;318
163863;112;0.338368580060423;1466;507
330617;88;0.4230769230769231;541;200
180405;114;0.5205479452054794;179;113
230019;58;0.35365853658536583;1446;401
31984;37;0.24025974025974026;1381;428
279709;88;0.4782608695652174;2180;627
232231;49;0.35251798561151076;208;89
163800;131;0.4309210526315789;1466;507
111273;49;0.6901408450704225;322;160
277430;74;0.31092436974789917;1042;215
38975;105;0.3684210526315789;479;155
201899;237;0.4030612244897959;5748;1450
343786;94;0.3884297520661157;1682;452
67503;35;0.3125;420;174
282466;90;0.17013232514177692;1467;198
344745;73;0.39037433155080214;466;154
196990;92;0.2169811320754717;1693;361
128032;78;0.5777777777777777;494;153
93408;105;0.65625;687;281
61533;75;0.4934210526315789;132;74
67080;81;0.3875598086124402;490;195
31979;59;0.5514018691588785;1381;428
107562;127;0.33687002652519893;1468;414
269234;42;0.4117647058823529;427;183
279911;57;0.5588235294117647;2180;627
127005;350;0.3305004721435316;2969;923
334282;55;0.5;1214;326
328494;82;0.5030674846625767;5180;1117
117374;107;0.4053030303030303;4253;963
279514;110;0.2669902912621359;1498;485
350049;105;0.35353535353535354;953;294
132056;75;0.7075471698113207;163;121
201957;130;0.5508474576271186;5748;1450
239321;49;0.5212765957446809;312;91
102436;70;0.3783783783783784;254;107
154510;73;0.553030303030303;1184;351
349924;106;0.44166666666666665;354;180
298934;58;0.19463087248322147;472;120
216186;44;0.29931972789115646;286;120
252415;46;0.2081447963800905;314;90
239596;74;0.592;653;216
230387;71;0.355;3902;675
286240;92;0.20956719817767655;1713;353
112756;39;0.7358490566037735;352;189
88781;58;0.5471698113207547;500;202
238796;92;0.5380116959064327;367;163
95141;77;0.3235294117647059;557;220
279492;95;0.6643356643356644;1498;485
184371;103;0.37454545454545457;910;314
278173;65;0.5416666666666666;105;64
245794;123;0.5801886792452831;361;199
116725;100;0.5154639175257731;161;99
348556;119;0.5242290748898678;199;118
157419;66;0.4888888888888889;117;65
292570;48;0.22325581395348837;2235;376
175154;104;0.2639593908629442;534;155
335079;93;0.20484581497797358;389;92
245073;76;0.4175824175824176;510;221
355543;79;0.4968553459119497;815;392
337592;56;0.21621621621621623;564;206
282010;90;0.32967032967032966;351;113
268702;123;0.2633832976445396;591;168
128409;73;0.3613861386138614;906;308
14762;61;0.6853932584269663;487;241
344796;102;0.2749326145552561;466;154
136169;103;0.24178403755868544;370;102
96677;99;0.46919431279620855;854;266
239593;54;0.46153846153846156;653;216
286284;91;0.2668621700879765;1713;353
221698;83;0.3915094339622642;967;240
330938;126;0.5833333333333334;513;239
155649;48;0.15789473684210525;726;118
354583;86;0.44559585492227977;368;140
33086;103;0.3377049180327869;926;287
143681;43;0.24022346368715083;1011;236
3589;46;0.19327731092436976;961;323
16027;108;0.45569620253164556;1011;351
334830;21;0.5833333333333334;30;20
149606;69;0.552;1973;471
257667;406;0.4084507042253521;2249;844
343760;42;0.27450980392156865;1682;452
13123;61;0.5169491525423728;371;168
277342;84;0.2074074074074074;1042;215
5052;81;0.6532258064516129;278;176
182339;98;0.2934131736526946;275;97
294327;97;0.3089171974522293;2753;548
66593;47;0.3643410852713178;192;87
256414;138;0.5111111111111111;674;273
322174;79;0.4817073170731707;3386;843
288625;84;0.48554913294797686;419;215
115126;172;0.4942528735632184;986;438
184347;119;0.38762214983713356;910;314
85429;139;0.5791666666666667;1084;392
260166;100;0.5102040816326531;168;99
286256;91;0.4117647058823529;1713;353
203112;59;0.22868217054263565;1193;307
263852;94;0.5696969696969697;144;93
63417;115;0.4092526690391459;251;114
54002;74;0.38144329896907214;1074;331
31607;31;0.14220183486238533;1341;318
292568;62;0.19195046439628483;2235;376
176233;49;0.3798449612403101;1406;532
278522;131;0.5695652173913044;1182;336
330090;76;0.304;654;214
45076;81;0.49693251533742333;549;214
231032;54;0.43902439024390244;3902;675
132350;101;0.2885714285714286;306;100
351971;80;0.35874439461883406;1066;402
122190;69;0.44516129032258067;120;68
154544;55;0.3107344632768362;1184;351
331422;65;0.5038759689922481;250;87
160207;58;0.46774193548387094;496;235
259275;79;0.24458204334365324;744;210
343934;78;0.3880597014925373;1682;452
357771;145;0.4367469879518072;1769;479
230965;59;0.45038167938931295;3902;675
312504;261;0.46113074204946997;3294;1024
245078;117;0.4775510204081633;510;221
351907;88;0.5641025641025641;1066;402
35352;87;0.4084507042253521;1746;463
9963;56;0.3916083916083916;123;55
16146;115;0.3993055555555556;1011;351
121434;57;0.41304347826086957;110;56
241031;93;0.384297520661157;800;331
251845;42;0.5915492957746479;162;87
90228;96;0.3037974683544304;276;95
358665;32;0.7111111111111111;39;31
3609;52;0.6419753086419753;961;323
144406;96;0.4383561643835616;1293;385
293709;46;0.3898305084745763;202;96
322340;102;0.2677165354330709;3386;843
297950;42;0.3684210526315789;90;41
90485;70;0.546875;1472;534
248236;75;0.4032258064516129;844;366
234321;57;0.30978260869565216;1029;265
334310;47;0.5802469135802469;1214;326
86529;62;0.45925925925925926;694;210
279873;64;0.45714285714285713;2180;627
45077;37;0.5;549;214
91827;73;0.2693726937269373;239;72
295958;96;0.5680473372781065;739;267
97618;40;0.22099447513812154;502;93
85438;81;0.36160714285714285;1084;392
157060;40;0.3305785123966942;386;129
240998;64;0.4025157232704403;800;331
93428;44;0.5057471264367817;687;281
140088;58;0.43283582089552236;273;132
354385;101;0.3333333333333333;970;275
115138;89;0.6402877697841727;986;438
342548;88;0.4489795918367347;666;232
300814;78;0.6290322580645161;297;165
192779;57;0.2923076923076923;140;56
149568;57;0.57;1973;471
201927;72;0.36548223350253806;5748;1450
160196;84;0.6086956521739131;496;235
355578;57;0.5428571428571428;815;392
66198;76;0.2629757785467128;361;139
54243;323;0.38682634730538923;3452;1116
3597;71;0.40804597701149425;961;323
243330;77;0.27598566308243727;1333;405
90531;82;0.6074074074074074;1472;534
149357;65;0.2914798206278027;1973;471
334328;76;0.4318181818181818;1214;326
3516;88;0.3562753036437247;961;323
355354;63;0.34806629834254144;148;62
111270;46;0.5348837209302325;322;160
69016;89;0.3662551440329218;454;166
104571;62;0.3522727272727273;412;161
88787;83;0.45604395604395603;500;202
206050;107;0.5661375661375662;974;486
149018;91;0.5112359550561798;1461;433
106572;63;0.2903225806451613;189;62
290236;62;0.62;85;61
117261;78;0.3277310924369748;4253;963
280308;59;0.24789915966386555;505;149
152393;87;0.24645892351274787;287;86
45081;117;0.34411764705882353;549;214
123971;123;0.22568807339449543;1053;244
92868;126;0.3727810650887574;647;253
205876;106;0.4;1173;437
80379;67;0.29130434782608694;190;66
234319;61;0.2946859903381642;1029;265
123899;89;0.22418136020151133;1053;244
56022;113;0.32471264367816094;292;112
93644;115;0.5778894472361809;174;114
303126;86;0.44329896907216493;1444;514
136948;84;0.56;499;198
329093;95;0.5;5180;1117
280109;39;0.6964285714285714;389;148
280156;77;0.3869346733668342;389;148
252395;55;0.38461538461538464;314;90
130039;83;0.386046511627907;900;287
24694;80;0.6106870229007634;287;153
270;199;0.3797709923664122;5856;1445
163828;46;0.5897435897435898;1466;507
349623;69;0.4233128834355828;141;68
292549;92;0.233502538071066;2235;376
234406;78;0.46153846153846156;1175;346
90487;64;0.39751552795031053;1472;534
151197;273;0.4634974533106961;535;272
163886;53;0.2717948717948718;1466;507
38976;83;0.3155893536121673;479;155
95137;84;0.6086956521739131;557;220
124739;74;0.3135593220338983;417;132
235396;119;0.5409090909090909;182;118
283791;94;0.5371428571428571;153;93
269239;37;0.4868421052631579;427;183
3515;95;0.5397727272727273;961;323
330318;39;0.639344262295082;96;56
88333;66;0.2578125;730;223
184345;111;0.4723404255319149;910;314
54040;111;0.5311004784688995;1074;331
90452;128;0.45714285714285713;1472;534
301542;192;0.4146868250539957;1163;301
11896;82;0.27424749163879597;2075;441
201974;87;0.4603174603174603;5748;1450
323479;70;0.49645390070921985;125;69
282022;47;0.3671875;351;113
177834;67;0.3333333333333333;595;194
322091;100;0.3937007874015748;3386;843
234330;69;0.19827586206896552;1029;265
250225;73;0.4101123595505618;651;247
329012;67;0.6203703703703703;5180;1117
235137;107;0.34516129032258064;511;195
24069;145;0.42151162790697677;294;144
218986;79;0.2947761194029851;704;174
201777;203;0.5126262626262627;5748;1450
134726;56;0.39436619718309857;232;96
328666;168;0.37250554323725055;5180;1117
85428;133;0.5659574468085107;1084;392
97833;111;0.5311004784688995;316;185
237674;136;0.5291828793774319;923;436
238883;79;0.3542600896860987;383;163
111770;88;0.5714285714285714;137;87
125111;45;0.16981132075471697;1031;232
294128;105;0.37906137184115524;649;176
312549;17;0.2073170731707317;3294;1024
328583;86;0.28013029315960913;5180;1117
230953;67;0.4240506329113924;3902;675
154298;125;0.32051282051282054;333;124
105034;70;0.3333333333333333;184;69
230654;235;0.3228021978021978;3902;675
143739;74;0.4277456647398844;1011;236
144462;124;0.5321888412017167;1293;385
256451;90;0.38626609442060084;193;89
206046;124;0.4460431654676259;974;486
62696;65;0.34574468085106386;146;64
125112;29;0.29591836734693877;1031;232
343499;100;0.40816326530612246;1126;283
132442;73;0.3882978723404255;799;276
210117;27;0.8709677419354839;108;74
288621;158;0.48024316109422494;419;215
322275;113;0.31301939058171746;3386;843
177839;100;0.398406374501992;595;194
109655;87;0.45789473684210524;263;133
154537;88;0.3076923076923077;1184;351
108991;95;0.5523255813953488;306;170
237926;89;0.4472361809045226;381;155
80008;49;0.494949494949495;269;108
10835;119;0.5721153846153846;777;317
201803;80;0.5405405405405406;5748;1450
235264;68;0.5964912280701754;98;67
28670;158;0.4744744744744745;290;157
264767;96;0.3127035830618892;388;165
322259;110;0.49327354260089684;3386;843
102424;46;0.39316239316239315;254;107
283559;115;0.1969178082191781;473;114
39077;87;0.3799126637554585;183;86
294301;114;0.32664756446991405;2753;548
292578;66;0.3142857142857143;2235;376
346535;178;0.3469785575048733;1124;397
326508;60;0.31413612565445026;170;59
195646;75;0.3424657534246575;185;74
38590;95;0.4846938775510204;436;191
185482;51;0.22077922077922077;1541;422
117380;122;0.37538461538461537;4253;963
346521;120;0.47244094488188976;1124;397
54044;134;0.4123076923076923;1074;331
243405;118;0.5673076923076923;1333;405
357838;117;0.48148148148148145;1769;479
44628;52;0.24644549763033174;407;117
286381;28;0.3218390804597701;1713;353
110168;54;0.24107142857142858;191;53
69021;72;0.39344262295081966;454;166
330098;89;0.39555555555555555;654;214
31250;62;0.34065934065934067;1237;407
116840;198;0.5;4253;963
149167;105;0.4393305439330544;562;235
230908;68;0.3222748815165877;3902;675
85010;63;0.48091603053435117;380;125
273723;255;0.39781591263650545;1197;452
227119;96;0.23471882640586797;353;95
329052;66;0.4074074074074074;5180;1117
45057;41;0.6507936507936508;549;214
330579;90;0.4864864864864865;541;200
219002;81;0.42408376963350786;704;174
184971;61;0.42657342657342656;112;60
357834;114;0.4634146341463415;1769;479
279711;100;0.5376344086021505;2180;627
327;345;0.44689119170984454;5856;1445
348315;199;0.5669515669515669;295;198
47350;55;0.3160919540229885;393;135
28362;74;0.2740740740740741;239;73
234418;63;0.45985401459854014;1175;346
71948;49;0.44545454545454544;224;109
16142;128;0.3575418994413408;1011;351
132458;5;0.7142857142857143;799;276
237671;190;0.5428571428571428;923;436
77346;105;0.603448275862069;154;104
201804;153;0.446064139941691;5748;1450
38535;60;0.46511627906976744;436;191
201901;51;0.30357142857142855;5748;1450
5050;116;0.6041666666666666;278;176
330101;100;0.35714285714285715;654;214
169511;75;0.3768844221105528;1252;319
54239;257;0.41788617886178864;3452;1116
277441;87;0.6083916083916084;1042;215
116268;81;0.6532258064516129;108;80
149186;81;0.5094339622641509;562;235
296089;100;0.5319148936170213;739;267
127536;74;0.3474178403755869;384;129
13121;68;0.43870967741935485;371;168
326705;31;0.12109375;206;30
279708;58;0.5471698113207547;2180;627
82176;71;0.5035460992907801;120;70
35337;84;0.5526315789473685;1746;463
6977;3;0.08823529411764706;5;2
96862;69;0.33495145631067963;854;266
213972;66;0.38372093023255816;337;108
28690;108;0.2621359223300971;610;167
277394;74;0.31092436974789917;1042;215
359550;158;0.27241379310344827;512;157
65898;78;0.43333333333333335;159;77
292506;93;0.24155844155844156;2235;376
175799;82;0.3253968253968254;210;81
206660;257;0.41318327974276525;546;257
69707;149;0.33111111111111113;983;277
53756;124;0.4979919678714859;683;259
245155;222;0.29838709677419356;660;221
14574;30;0.5660377358490566;44;29
93776;90;0.28125;619;174
198052;93;0.1949685534591195;402;92
14871;86;0.22994652406417113;439;141
173558;109;0.36212624584717606;253;108
224842;115;0.34226190476190477;290;114
125916;275;0.4122938530734633;593;274
315057;110;0.30985915492957744;742;206
5575;78;0.42857142857142855;168;77
110660;69;0.2262295081967213;269;68
207148;101;0.5642458100558659;171;100
222975;130;0.36312849162011174;335;129
201376;2;0.06896551724137931;3;1
242178;156;0.47560975609756095;975;288
70131;168;0.4745762711864407;327;167
235912;46;0.5227272727272727;69;45
160350;60;0.43478260869565216;278;126
242084;67;0.6907216494845361;81;66
230737;71;0.3604060913705584;3902;675
248931;98;0.632258064516129;136;97
35203;103;0.3344155844155844;1746;463
185233;86;0.3706896551724138;1541;422
25009;189;0.5384615384615384;306;188
224418;109;0.3303030303030303;288;108
156974;127;0.5772727272727273;184;126
139649;109;0.3449367088607595;270;108
14891;81;0.5328947368421053;439;141
18083;128;0.5289256198347108;204;127
341075;59;0.48760330578512395;108;58
100477;209;0.3245341614906832;565;208
181159;99;0.3142857142857143;277;98
136487;80;0.6106870229007634;108;79
90823;99;0.21108742004264391;399;98
283110;81;0.2066326530612245;630;166
226365;63;0.2413793103448276;219;62
83758;71;0.3641025641025641;168;70
212903;147;0.34186046511627904;390;146
326647;102;0.3177570093457944;277;101
317195;254;0.38368580060422963;600;253
338966;73;0.477124183006536;137;72
84588;64;0.7191011235955056;78;63
183647;70;0.4046242774566474;147;69
227502;65;0.6565656565656566;84;64
95966;80;0.5228758169934641;137;79
301831;53;0.36054421768707484;1665;433
331247;298;0.30284552845528456;851;297
111702;72;0.3870967741935484;282;114
261547;107;0.656441717791411;142;106
91417;58;0.3841059602649007;125;57
130996;76;0.29571984435797666;230;75
285534;72;0.16589861751152074;702;129
125942;123;0.328;345;122
150875;90;0.6818181818181818;464;231
277202;129;0.37719298245614036;294;128
27938;505;0.4301533219761499;1053;504
309392;116;0.26666666666666666;367;115
150708;33;0.24444444444444444;241;94
62830;49;0.4188034188034188;161;78
287803;74;0.21637426900584794;301;73
347480;54;0.54;88;53
139475;109;0.3707482993197279;260;108
93563;62;0.3875;137;61
205058;203;0.35365853658536583;522;203
186355;125;0.6830601092896175;160;124
316817;74;0.3425925925925926;178;73
135467;67;0.5317460317460317;109;66
61747;56;0.3076923076923077;151;55
246140;193;0.3243697478991597;545;192
261833;153;0.5444839857651246;593;319
307321;82;0.4039408866995074;530;156
19083;75;0.6521739130434783;102;74
154918;111;0.4269230769230769;461;201
166822;80;0.4020100502512563;655;221
85568;51;0.53125;81;50
246643;31;0.24031007751937986;209;86
331912;78;0.3170731707317073;203;77
31489;96;0.5106382978723404;1237;407
321102;260;0.4173354735152488;1246;462
161528;21;0.1826086956521739;100;20
28926;103;0.33225806451612905;253;102
350445;98;0.41350210970464135;201;97
77927;85;0.551948051948052;125;84
144995;162;0.30111524163568776;453;162
314181;60;0.46875;211;102
32463;58;0.6444444444444445;73;57
297417;60;0.25210084033613445;196;59
126951;290;0.40221914008321774;2969;923
352068;99;0.3173076923076923;273;99
303153;122;0.24015748031496062;1444;514
104130;213;0.3622448979591837;1015;376
221263;37;0.27007299270072993;119;36
270535;98;0.4206008583690987;200;97
330418;112;0.5517241379310345;348;207
337046;79;0.6030534351145038;107;78
331317;89;0.5393939393939394;138;88
339069;76;0.15767634854771784;428;75
285554;80;0.21390374331550802;702;129
313672;73;0.5104895104895105;117;72
257027;78;0.26621160409556316;740;221
176993;38;0.24516129032258063;127;37
543;35;0.5223880597014925;57;34
278297;101;0.42616033755274263;202;100
197190;96;0.7559055118110236;165;115
19858;89;0.46113989637305697;151;88
66959;85;0.5782312925170068;490;195
324848;64;0.5079365079365079;109;63
92637;107;0.4713656387665198;198;106
284492;94;0.4253393665158371;444;158
190517;128;0.3526170798898072;324;127
139573;85;0.5414012738853503;263;136
122879;91;0.3053691275167785;236;90
30662;57;0.25333333333333335;348;135
360878;77;0.5460992907801419;115;76
280020;104;0.5875706214689266;158;103
197217;28;0.45901639344262296;165;115
279769;82;0.2939068100358423;2180;627
333690;183;0.5736677115987461;280;182
359079;61;0.4765625;116;60
305801;137;0.40412979351032446;303;136
33863;142;0.3488943488943489;839;323
183868;128;0.49230769230769234;234;127
146291;58;0.19205298013245034;267;57
289852;118;0.659217877094972;163;117
131552;130;0.4626334519572954;247;129
239580;45;0.4205607476635514;653;216
57799;60;0.4195804195804196;126;59
354192;67;0.26171875;970;275
350004;136;0.28274428274428276;953;294
45431;26;0.7428571428571429;435;219
263537;93;0.41517857142857145;197;92
23102;153;0.345372460496614;371;152
133397;78;0.1925925925925926;342;77
265760;137;0.43630573248407645;1001;331
304865;100;0.5524861878453039;147;99
315113;139;0.2808080808080808;742;206
182441;124;0.6231155778894473;172;123
13505;50;0.4;108;49
117290;71;0.5035460992907801;4253;963
270275;78;0.47560975609756095;239;124
189524;40;0.2962962962962963;113;39
110339;64;0.32989690721649484;157;63
36672;44;0.352;100;43
12691;104;0.45414847161572053;213;103
284378;58;0.27884615384615385;184;57
31439;131;0.40061162079510704;1237;407
125521;52;0.29714285714285715;148;52
296334;87;0.38666666666666666;201;86
200203;135;0.41411042944785276;272;134
166805;104;0.49056603773584906;655;221
129857;58;0.30851063829787234;900;287
96843;82;0.41414141414141414;854;266
83447;96;0.4067796610169492;197;95
71508;64;0.47058823529411764;353;112
343142;146;0.4520123839009288;634;258
101489;43;0.27564102564102566;129;42
310041;92;0.6133333333333333;1104;385
130949;83;0.29856115107913667;238;82
79726;120;0.5286343612334802;191;119
70698;36;0.2589928057553957;119;35
345378;65;0.36312849162011174;287;113
140765;64;0.5714285714285714;464;177
102216;62;0.5081967213114754;99;61
71308;130;0.6280193236714976;200;129
42107;100;0.4065040650406504;214;99
258009;302;0.3389450056116723;1613;498
307110;87;0.18087318087318088;779;207
300459;65;0.5652173913043478;102;64
30798;86;0.4777777777777778;488;178
31642;99;0.4782608695652174;1341;318
172958;71;0.4965034965034965;124;70
103911;69;0.5036496350364964;119;68
108713;99;0.2668463611859838;324;98
242103;166;0.2120051085568327;975;288
327621;93;0.21933962264150944;566;143
295275;126;0.5407725321888412;209;125
344427;102;0.51;163;101
29672;25;0.17123287671232876;1010;329
203627;137;0.4740484429065744;251;136
211554;103;0.36917562724014336;239;102
33017;120;0.35714285714285715;291;119
120831;175;0.3888888888888889;406;174
139352;90;0.6338028169014085;141;89
30690;75;0.4601226993865031;488;178
1073;154;0.48427672955974843;1133;319
79408;109;0.34276729559748426;277;108
39610;138;0.38227146814404434;383;161
208576;85;0.397196261682243;182;84
288452;116;0.5714285714285714;171;115
97893;48;0.4444444444444444;86;47
27139;236;0.4738955823293173;436;235
29247;86;0.5276073619631901;141;85
284505;60;0.5555555555555556;444;158
348938;171;0.4222222222222222;658;261
11628;93;0.48186528497409326;847;214
276319;49;0.37404580152671757;214;108
292878;108;0.46551724137931033;193;108
56532;69;0.27058823529411763;211;68
64273;83;0.41919191919191917;176;82
193269;107;0.46320346320346323;202;106
317905;74;0.5606060606060606;116;73
214611;82;0.24924012158054712;288;81
238195;34;0.18579234972677597;690;253
127160;314;0.5080906148867314;2969;923
264148;124;0.3924050632911392;298;123
63686;102;0.4358974358974359;812;244
119960;95;0.5828220858895705;147;94
297134;81;0.6377952755905512;103;80
212689;210;0.33707865168539325;558;209
239601;28;0.18543046357615894;653;216
192145;82;0.2939068100358423;227;81
124841;28;0.26666666666666666;1031;232
251554;86;0.6013986013986014;130;85
200612;141;0.42342342342342343;275;140
97381;98;0.3726235741444867;375;156
113534;68;0.24028268551236748;250;67
238894;107;0.5;383;163
177969;70;0.4430379746835443;299;110
223875;188;0.42058165548098436;375;187
250128;84;0.4375;651;247
292172;308;0.3476297968397291;1056;402
184782;97;0.4110169491525424;312;139
157145;107;0.33126934984520123;386;129
104058;143;0.5478927203065134;1015;376
79964;213;0.4057142857142857;434;213
156572;44;0.32116788321167883;107;43
151470;102;0.6181818181818182;149;101
276309;64;0.5765765765765766;214;108
79330;138;0.41566265060240964;293;137
301810;104;0.46017699115044247;1665;433
246830;109;0.3771626297577855;246;108
166024;58;0.5225225225225225;95;57
162324;88;0.5146198830409356;150;87
295948;56;0.27184466019417475;739;267
66407;49;0.5764705882352941;192;87
61001;123;0.5720930232558139;192;122
118009;89;0.35039370078740156;397;170
236757;52;0.4094488188976378;137;69
243641;48;0.4948453608247423;82;48
236733;23;0.6571428571428571;137;69
234566;75;0.35545023696682465;176;74
238853;46;0.6388888888888888;62;45
166310;33;0.4342105263157895;64;32
218552;242;0.34620886981402005;617;241
28718;91;0.3215547703180212;610;167
260849;34;0.3469387755102041;83;33
182261;32;0.32989690721649484;274;101
345082;52;0.5473684210526316;79;51
154944;116;0.4393939393939394;461;201
356203;98;0.7313432835820896;118;97
306344;69;0.42857142857142855;133;68
179725;212;0.4317718940936864;424;211
106314;105;0.26854219948849106;345;104
249013;89;0.3739495798319328;209;88
85493;103;0.36524822695035464;1084;392
319893;135;0.4470198675496689;496;193
296148;100;0.6024096385542169;147;99
26767;67;0.4652777777777778;529;233
258693;118;0.644808743169399;503;236
62042;68;0.4533333333333333;122;67
188334;35;0.7608695652173914;37;34
344963;97;0.5672514619883041;157;96
281065;69;0.6388888888888888;95;68
354310;102;0.3300970873786408;970;275
237687;140;0.5737704918032787;923;436
261831;205;0.5256410256410257;593;319
349361;97;0.48743718592964824;422;180
132104;98;0.28160919540229884;284;97
311886;109;0.3538961038961039;272;108
101748;233;0.3524962178517398;562;232
152893;110;0.49327354260089684;186;109
272563;105;0.47085201793721976;197;104
43008;247;0.4591078066914498;484;246
175513;74;0.2690909090909091;239;73
142273;92;0.48677248677248675;660;207
110602;49;0.6805555555555556;60;48
323950;77;0.5579710144927537;124;76
50482;123;0.35964912280701755;298;122
185304;113;0.509009009009009;1541;422
243276;72;0.6545454545454545;1333;405
299353;106;0.5492227979274611;463;208
309972;181;0.4491315136476427;1104;385
26478;54;0.54;82;53
216730;97;0.25064599483204136;628;185
306557;77;0.3701923076923077;779;207
57302;5;0.08771929824561403;19;4
57965;77;0.5539568345323741;336;177
142242;84;0.28378378378378377;254;83
261903;59;0.5566037735849056;92;58
324118;89;0.5493827160493827;144;88
76214;52;0.348993288590604;133;51
172748;112;0.3333333333333333;299;111
267531;103;0.2976878612716763;302;102
14228;69;0.2936170212765957;193;68
338465;72;0.3333333333333333;420;127
291710;246;0.384375;581;245
339531;112;0.4497991967871486;215;111
115402;83;0.3132075471698113;228;82
165789;69;0.20353982300884957;297;68
219542;166;0.47564469914040114;308;165
215929;56;0.6829268292682927;72;55
128370;105;0.42338709677419356;906;308
274025;40;0.49382716049382713;64;39
99957;110;0.3313253012048193;281;109
34657;87;0.5178571428571429;136;86
12446;61;0.20198675496688742;243;60
332012;72;0.5950413223140496;100;71
129056;63;0.2903225806451613;570;212
190283;74;0.4157303370786517;1227;313
218798;57;0.3958333333333333;111;56
82673;89;0.4362745098039216;168;88
201042;114;0.4453125;544;193
88809;115;0.4136690647482014;500;202
142423;49;0.550561797752809;74;48
223987;104;0.29714285714285715;291;103
179965;174;0.4484536082474227;331;173
143392;46;0.359375;111;45
349886;50;0.5813953488372093;354;180
108392;35;0.47297297297297297;244;120
48237;113;0.452;226;112
206393;212;0.3745583038869258;488;211
345335;36;0.2926829268292683;95;35
349875;66;0.6470588235294118;354;180
3162;72;0.2737642585551331;235;71
307255;147;0.2876712328767123;457;146
115822;91;0.3433962264150943;226;90
132657;53;0.6022727272727273;75;52
246586;66;0.5;209;86
217329;53;0.32919254658385094;145;52
9364;19;0.5;28;18
279070;82;0.36283185840707965;1498;485
133653;155;0.23628048780487804;545;154
29141;98;0.46445497630331756;181;97
182570;84;0.5637583892617449;135;83
147414;80;0.3187250996015936;213;79
212809;75;0.5952380952380952;105;74
281605;79;0.1649269311064718;412;78
28801;103;0.5885714285714285;151;102
51673;291;0.43047337278106507;588;290
143549;133;0.24721189591078066;753;192
140600;81;0.4550561797752809;151;80
5933;43;0.7543859649122807;49;42
285924;77;0.39285714285714285;164;76
68985;54;0.4426229508196721;454;166
81915;96;0.4067796610169492;310;151
301711;47;0.44339622641509435;1665;433
204525;71;0.5461538461538461;105;70
59796;56;0.2692307692307692;293;128
310064;133;0.4889705882352941;1104;385
35927;75;0.3488372093023256;481;159
123841;247;0.42586206896551726;2427;809
9836;112;0.4890829694323144;207;111
343485;111;0.24611973392461198;1126;283
213478;234;0.4854771784232365;416;233
163525;48;0.45714285714285713;407;188
16335;76;0.2835820895522388;227;75
51284;48;0.2742857142857143;544;176
233324;106;0.2782152230971129;334;105
290697;90;0.6040268456375839;131;89
310397;156;0.5379310344827586;249;155
62851;36;0.43373493975903615;161;78
168693;152;0.3318777292576419;407;151
118872;128;0.3144963144963145;354;127
299436;67;0.6633663366336634;86;67
211023;68;0.4594594594594595;450;167
63754;68;0.6296296296296297;94;67
218105;65;0.4642857142857143;109;64
101083;80;0.47337278106508873;146;79
117132;120;0.4013377926421405;4253;963
278733;106;0.31268436578171094;292;105
273634;243;0.4727626459143969;451;242
133055;127;0.25502008032128515;441;126
232090;84;0.5526315789473685;340;145
232100;79;0.3237704918032787;340;145
342368;35;0.2892561983471074;100;34
87234;75;0.5952380952380952;110;74
359772;92;0.6052631578947368;132;91
45894;65;0.6372549019607843;87;64
196172;164;0.40594059405940597;336;163
358451;79;0.5;344;192
339716;104;0.4642857142857143;547;200
171333;120;0.39603960396039606;265;119
85943;133;0.46830985915492956;245;132
113853;91;0.19782608695652174;363;90
31215;114;0.5205479452054794;1237;407
264868;59;0.16905444126074498;306;58
276632;97;0.5132275132275133;160;96
181960;17;0.22077922077922077;62;16
288530;278;0.29732620320855613;2784;976
343257;148;0.354916067146283;634;258
238775;91;0.3699186991869919;367;163
78621;286;0.4489795918367347;563;285
138083;91;0.3611111111111111;215;90
292856;91;0.3540856031128405;229;90
20908;105;0.3763440860215054;232;104
100237;116;0.4915254237288136;235;115
69224;168;0.45776566757493187;321;167
183948;171;0.4830508474576271;310;170
339732;128;0.31683168316831684;547;200
191394;185;0.4907161803713528;317;184
216741;114;0.3343108504398827;628;185
249403;242;0.40878378378378377;1003;436
322130;79;0.5602836879432624;3386;843
111166;74;0.2642857142857143;246;73
278111;390;0.36585365853658536;970;389
145797;95;0.4318181818181818;758;110
341262;61;0.3370165745856354;157;60
39039;79;0.4010152284263959;372;131
82499;140;0.4472843450479233;270;139
207881;39;0.4148936170212766;81;38
295054;41;0.1583011583011583;232;40
117983;113;0.5330188679245284;397;170
134610;90;0.45454545454545453;181;89
187348;121;0.5525114155251142;411;193
48001;126;0.39375;272;125
93902;114;0.2331288343558282;422;113
206544;73;0.37628865979381443;164;72
277851;100;0.5376344086021505;268;169
166811;67;0.4161490683229814;655;221
186632;91;0.4008810572687225;189;90
188959;136;0.591304347826087;204;135
29878;113;0.5136363636363637;1010;329
315992;129;0.258;435;128
198075;126;0.22105263157894736;467;125
60674;72;0.4260355029585799;139;71
316256;216;0.5167464114832536;1130;546
35450;71;0.4251497005988024;284;146
111685;58;0.4264705882352941;282;114
85782;198;0.5196850393700787;520;262
320045;122;0.3057644110275689;367;121
9742;94;0.35074626865671643;241;93
278408;156;0.30115830115830117;452;155
173994;122;0.5570776255707762;185;121
10304;240;0.3560830860534125;584;239
140856;120;0.425531914893617;248;119
142114;86;0.33858267716535434;215;85
305110;100;0.40816326530612246;206;99
207000;67;0.5726495726495726;101;66
78739;90;0.3237410071942446;233;89
98680;128;0.4740740740740741;229;127
126139;222;0.4051094890510949;463;222
134512;56;0.37583892617449666;128;55
141212;89;0.3617886178861789;197;88
89935;123;0.3867924528301887;281;122
279534;45;0.5172413793103449;1498;485
49905;103;0.3355048859934853;270;102
227847;98;0.47804878048780486;172;97
192155;199;0.3153724247226624;553;198
181281;98;0.23728813559322035;343;97
60164;103;0.24523809523809523;512;168
251345;60;0.6593406593406593;71;59
29782;87;0.4393939393939394;1010;329
86746;63;0.48091603053435117;117;62
129813;105;0.3523489932885906;900;287
179255;72;0.5538461538461539;105;71
296993;2;0.05;17;1
60348;71;0.3622448979591837;174;70
268426;83;0.48823529411764705;142;82
312044;121;0.42160278745644597;243;120
153571;78;0.18840579710144928;338;77
53706;118;0.3064935064935065;683;259
160333;90;0.4838709677419355;278;126
187558;112;0.4357976653696498;219;111
46153;61;0.3333333333333333;154;60
86984;100;0.4807692307692308;306;170
156925;105;0.5497382198952879;160;104
71367;63;0.23773584905660378;353;112
181335;55;0.1909722222222222;247;54
226686;101;0.23218390804597702;375;100
177981;61;0.33152173913043476;299;110
49636;77;0.44508670520231214;136;76
104524;38;0.25675675675675674;412;161
200898;126;0.28187919463087246;392;125
279692;52;0.5416666666666666;2180;627
7557;106;0.5792349726775956;157;105
48942;140;0.4046242774566474;302;139
48504;120;0.5309734513274337;189;119
105545;113;0.5824742268041238;553;258
342056;193;0.3403880070546737;503;192
237206;99;0.5963855421686747;147;98
48773;63;0.6923076923076923;79;62
14402;82;0.47674418604651164;146;81
18471;85;0.3648068669527897;211;84
221861;86;0.3161764705882353;1133;427
283106;112;0.33633633633633636;630;166
155281;105;0.35;251;104
306556;97;0.4801980198019802;779;207
26783;111;0.4723404255319149;529;233
258658;157;0.4077922077922078;503;236
257976;206;0.5073891625615764;1613;498
275300;67;0.3621621621621622;356;119
304423;87;0.36401673640167365;190;87
265273;115;0.25442477876106195;375;114
121873;99;0.2357142857142857;374;98
253247;174;0.26851851851851855;567;174
84928;60;0.31088082901554404;149;59
140666;50;0.5555555555555556;69;49
235968;57;0.32571428571428573;149;56
196318;92;0.44019138755980863;182;91
241405;99;0.47596153846153844;183;98
115637;102;0.27945205479452057;323;101
293931;82;0.3374485596707819;208;81
21881;202;0.3079268292682927;1169;400
154032;116;0.28361858190709044;347;115
69422;154;0.3938618925831202;338;153
44546;89;0.357429718875502;407;117
159514;114;0.24358974358974358;703;183
134240;104;0.5024154589371981;176;103
301842;109;0.2945945945945946;1665;433
97110;116;0.4264705882352941;241;115
346204;250;0.2870264064293915;1377;404
265594;262;0.5379876796714579;415;261
3969;59;0.6704545454545454;76;58
37145;91;0.6275862068965518;130;90
269673;52;0.39097744360902253;116;51
322502;249;0.5436681222707423;415;249
310238;63;0.34615384615384615;1104;385
109262;91;0.6026490066225165;129;90
80733;125;0.36023054755043227;291;125
73712;93;0.31958762886597936;245;92
170265;318;0.265;1091;317
313062;354;0.4018161180476731;1564;580
156617;92;0.4339622641509434;187;91
155992;96;0.5026178010471204;161;95
32196;99;0.30275229357798167;275;98
116133;123;0.5747663551401869;183;122
136646;184;0.4412470023980815;363;184
180214;82;0.6029411764705882;122;81
238550;101;0.5941176470588235;169;100
235679;127;0.43197278911564624;263;126
105298;211;0.42369477911646586;449;210
24799;56;0.5045045045045045;90;55
7900;116;0.4444444444444444;222;115
223445;15;0.10948905109489052;121;14
110114;53;0.43089430894308944;108;52
280720;62;0.5740740740740741;98;61
64016;55;0.3873239436619718;118;54
283491;85;0.4748603351955307;161;84
348935;123;0.3554913294797688;658;261
108387;93;0.5;244;120
146575;81;0.23546511627906977;297;81
361234;129;0.2710084033613445;444;128
59783;84;0.6614173228346457;293;128
155664;46;0.17898832684824903;726;118
147522;64;0.378698224852071;241;115
355842;58;0.6373626373626373;76;57
270027;76;0.3838383838383838;160;75
321139;288;0.37257438551099614;1246;462
80818;49;0.28;152;48
126831;68;0.3253588516746411;181;67
109334;55;0.3793103448275862;120;54
55827;67;0.40606060606060607;134;66
274538;124;0.37462235649546827;286;123
254699;125;0.44802867383512546;237;124
205966;88;0.43349753694581283;155;87
37352;89;0.5816993464052288;131;88
72167;58;0.17365269461077845;269;57
280596;92;0.4623115577889447;178;91
122048;36;0.4931506849315068;54;35
59830;127;0.4721189591078067;233;126
348245;71;0.6513761467889908;97;70
131698;363;0.5417910447761194;572;362
263562;135;0.3125;376;134
147447;68;0.5964912280701754;241;115
132485;69;0.3520408163265306;799;276
346097;125;0.4826254826254826;484;215
282123;205;0.24550898203592814;730;204
236147;87;0.6170212765957447;124;86
152183;113;0.2562358276643991;721;195
299769;83;0.5886524822695035;123;83
40102;103;0.3366013071895425;276;102
163563;105;0.5706521739130435;407;188
201564;97;0.2869822485207101;5748;1450
77130;211;0.3688811188811189;497;210
60082;88;0.4756756756756757;512;168
234085;106;0.5824175824175825;159;105
284614;42;0.2608695652173913;444;158
345762;72;0.2696629213483146;235;71
354303;111;0.3894736842105263;970;275
89898;60;0.5825242718446602;93;59
321338;33;0.32673267326732675;83;32
43488;75;0.7142857142857143;89;74
203131;71;0.30869565217391304;1193;307
284681;95;0.4797979797979798;174;94
58662;101;0.20119521912350596;426;100
113579;29;0.08923076923076922;287;28
76447;66;0.4342105263157895;126;65
61807;105;0.36713286713286714;247;104
136911;109;0.3720136518771331;499;198
256323;122;0.4250871080139373;674;273
361655;104;0.6341463414634146;143;103
215078;85;0.2715654952076677;259;84
239318;24;0.14814814814814814;312;91
269026;47;0.42342342342342343;427;183
39041;74;0.3162393162393162;372;131
277859;86;0.5850340136054422;268;169
187357;99;0.39759036144578314;411;193
150674;126;0.5478260869565217;401;201
360470;70;0.6481481481481481;89;69
303239;327;0.38744075829383884;746;326
299231;92;0.5168539325842697;153;91
32626;97;0.7185185185185186;115;96
51700;112;0.5022421524663677;178;112
284766;135;0.47368421052631576;256;134
36603;72;0.36363636363636365;162;71
312854;37;0.15352697095435686;198;36
20506;270;0.3245192307692308;734;270
270656;94;0.4392523364485981;232;117
22225;196;0.27489481065918653;587;195
265811;192;0.3344947735191638;1001;331
130142;116;0.5110132158590308;203;115
244118;82;0.4530386740331492;153;81
67117;74;0.4868421052631579;134;73
305554;59;0.28095238095238095;164;58
246351;49;0.3333333333333333;124;48
121855;146;0.26353790613718414;463;146
353464;77;0.4935897435897436;138;76
316033;138;0.3719676549865229;326;137
37894;93;0.34831460674157305;234;92
166777;52;0.24880382775119617;655;221
68506;346;0.35450819672131145;1281;471
229733;83;0.30970149253731344;219;82
153811;106;0.39552238805970147;239;105
67285;113;0.4669421487603306;420;174
41337;166;0.3933649289099526;364;165
211128;131;0.34564643799472294;450;167
358498;135;0.5601659751037344;344;192
319959;79;0.3172690763052209;496;193
255124;105;0.34201954397394135;263;104
346015;228;0.504424778761062;396;227
303468;96;0.35555555555555557;541;166
294775;78;0.430939226519337;150;77
110045;118;0.466403162055336;224;117
149861;65;0.6770833333333334;81;64
295488;26;0.0718232044198895;297;25
349377;120;0.45112781954887216;422;180
210934;162;0.6585365853658537;212;161
223096;144;0.4897959183673469;250;143
205852;93;0.510989010989011;1173;437
137828;66;0.6346153846153846;87;65
330367;116;0.5888324873096447;348;207
56995;87;0.6083916083916084;126;86
23568;142;0.5991561181434599;206;141
221497;134;0.28210526315789475;395;133
182043;85;0.4207920792079208;179;84
143587;94;0.32081911262798635;753;192
324981;142;0.3736842105263158;327;141
114695;142;0.5318352059925093;243;141
150818;115;0.5;464;231
298313;83;0.3688888888888889;193;82
281682;67;0.5775862068965517;98;66
247781;86;0.36909871244635195;191;85
241939;2;0.3333333333333333;2;1
351035;101;0.5401069518716578;166;100
178969;41;0.7592592592592593;46;40
81741;72;0.5625;310;151
345505;64;0.43243243243243246;287;113
194584;98;0.3798449612403101;222;97
7477;73;0.503448275862069;129;72
288;250;0.3776435045317221;5856;1445
315436;89;0.5668789808917197;141;88
340635;53;0.2864864864864865;165;52
72870;57;0.6477272727272727;135;99
317502;99;0.526595744680851;170;98
220713;55;0.39855072463768115;122;54
80765;206;0.47465437788018433;368;205
233762;90;0.3435114503816794;221;89
243370;71;0.5419847328244275;1333;405
342468;55;0.2864583333333333;666;232
1083;79;0.33905579399141633;1133;319
30674;100;0.5263157894736842;348;135
298701;61;0.5446428571428571;111;60
152208;122;0.31443298969072164;721;195
8592;112;0.4409448818897638;240;111
299188;129;0.375;312;128
136315;223;0.501123595505618;391;222
186023;326;0.31773879142300193;915;325
114894;120;0.5150214592274678;214;119
271770;55;0.38461538461538464;658;259
94311;54;0.5684210526315789;79;53
27908;91;0.2116279069767442;362;90
338518;71;0.25448028673835127;420;127
306331;56;0.25225225225225223;183;55
74186;69;0.5798319327731093;118;68
178914;82;0.4205128205128205;173;81
21108;101;0.5489130434782609;161;100
17440;95;0.4166666666666667;196;94
244981;87;0.5117647058823529;510;221
109051;49;0.34265734265734266;119;48
262614;83;0.42783505154639173;161;82
153729;119;0.4541984732824427;225;118
276791;90;0.3879310344827586;191;89
265780;122;0.4621212121212121;1001;331
195154;49;0.4016393442622951;105;48
353397;130;0.5531914893617021;203;129
79619;65;0.36312849162011174;155;64
123754;282;0.39943342776203966;2427;809
217717;75;0.5681818181818182;272;134
143436;88;0.3492063492063492;222;87
76036;88;0.3424124513618677;226;87
188811;118;0.5291479820627802;182;117
26750;105;0.4605263157894737;529;233
252449;92;0.5111111111111111;154;91
138630;111;0.37;259;110
40254;74;0.5692307692307692;211;106
259023;65;0.6190476190476191;90;64
65624;84;0.42424242424242425;171;83
331626;186;0.5;317;185
51811;26;0.203125;113;25
216537;126;0.39375;278;125
75896;107;0.3715277777777778;252;106
159226;101;0.30606060606060603;703;183
166618;244;0.43033509700176364;496;244
241052;52;0.3443708609271523;800;331
156205;119;0.3224932249322493;322;118
154088;93;0.26878612716763006;281;92
253843;80;0.5517241379310345;112;79
62018;75;0.27472527472527475;232;74
86940;97;0.3702290076335878;226;96
13883;68;0.46258503401360546;128;67
184221;62;0.3263157894736842;159;61
203431;57;0.3877551020408163;117;56
55067;88;0.41706161137440756;176;87
318772;64;0.2831858407079646;186;63
46002;117;0.31451612903225806;334;116
210505;108;0.4090909090909091;216;107
251352;80;0.3088803088803089;219;79
99732;195;0.4642857142857143;374;194
181248;53;0.6162790697674418;70;52
129422;103;0.5364583333333334;900;287
311024;84;0.30996309963099633;237;83
11544;75;0.47770700636942676;847;214
292310;136;0.4981684981684982;1056;402
193741;40;0.23391812865497075;147;39
72497;10;0.5263157894736842;551;236
1089;38;0.15702479338842976;1133;319
7763;148;0.33183856502242154;376;147
43459;116;0.6137566137566137;164;115
159498;12;0.8571428571428571;703;183
93583;110;0.3654485049833887;251;110
270270;61;0.5126050420168067;239;124
220561;67;0.3526315789473684;164;66
303301;184;0.44019138755980863;369;183
244271;124;0.5145228215767634;210;123
93338;80;0.6015037593984962;687;281
109467;73;0.44242424242424244;134;72
176092;54;0.4462809917355372;373;136
133323;66;0.528;104;65
6220;66;0.4489795918367347;117;65
11609;48;0.13872832369942195;847;214
326889;79;0.6422764227642277;269;166
293796;49;0.21120689655172414;201;48
10564;125;0.4280821917808219;778;257
313180;321;0.3635334088335221;1564;580
334899;216;0.3317972350230415;567;215
146865;56;0.5436893203883495;89;55
329454;59;0.45384615384615384;110;58
86994;94;0.5465116279069767;306;170
38019;20;0.6060606060606061;28;19
236900;114;0.6514285714285715;152;113
351889;83;0.5608108108108109;1066;402
44236;97;0.5987654320987654;310;182
246970;111;0.4977578475336323;189;110
233559;52;0.5842696629213483;75;51
19282;88;0.6111111111111112;127;87
158359;72;0.2801556420233463;220;71
163025;123;0.5491071428571429;191;122
189699;81;0.5472972972972973;127;80
330890;142;0.35678391959798994;513;239
258002;144;0.2796116504854369;1613;498
217922;66;0.3626373626373626;151;65
104069;121;0.4143835616438356;1015;376
199461;55;0.28350515463917525;162;54
299269;133;0.3715083798882682;463;208
123748;282;0.4645799011532125;2427;809
31181;92;0.40350877192982454;1237;407
183391;70;0.1837270341207349;326;69
327344;107;0.37943262411347517;257;106
150869;90;0.5660377358490566;464;231
150679;96;0.39669421487603307;401;201
240158;115;0.39792387543252594;255;114
317141;98;0.4206008583690987;204;97
306010;105;0.4525862068965517;214;104
90128;82;0.25625;532;181
93569;117;0.5391705069124424;190;116
83267;100;0.5128205128205128;171;99
310033;54;0.2488479262672811;1104;385
209921;71;0.33490566037735847;177;70
91549;82;0.5125;137;81
53676;81;0.5159235668789809;683;259
333192;57;0.32386363636363635;429;146
281009;107;0.5631578947368421;166;106
77425;131;0.40683229813664595;273;130
11655;86;0.3115942028985507;847;214
142608;57;0.3958333333333333;124;56
314730;92;0.3484848484848485;622;211
69383;79;0.316;222;78
123842;324;0.40248447204968946;2427;809
239275;47;0.5108695652173914;312;91
17376;57;0.5588235294117647;86;56
361049;61;0.3546511627906977;155;60
39553;38;0.475;383;161
30175;132;0.39285714285714285;289;131
222168;54;0.5567010309278351;81;53
167673;65;0.4961832061068702;112;64
13406;58;0.20714285714285716;239;57
159731;72;0.5373134328358209;124;71
34023;86;0.46994535519125685;156;85
12231;30;0.38961038961038963;67;29
40228;47;0.46078431372549017;211;106
174980;450;0.5821474773609314;695;449
219261;2;0.1111111111111111;2;1
66107;81;0.27181208053691275;255;80
76997;93;0.2852760736196319;284;92
59207;267;0.4435215946843854;539;267
180889;231;0.3553846153846154;1513;577
354833;93;0.22518159806295399;368;92
201610;97;0.4349775784753363;5748;1450
66639;85;0.397196261682243;183;84
33738;240;0.4316546762589928;839;323
148684;71;0.6016949152542372;102;70
78037;150;0.4838709677419355;304;149
84059;137;0.4597315436241611;252;136
133526;83;0.7980769230769231;89;82
40994;434;0.45067497403946;863;433
283632;46;0.3150684931506849;125;45
31111;61;0.2863849765258216;173;60
163584;78;0.42162162162162165;407;188
48572;137;0.5131086142322098;213;136
203055;109;0.3920863309352518;234;108
169476;25;0.373134328358209;56;24
109368;99;0.4267241379310345;193;98
130274;77;0.43258426966292135;163;76
335757;108;0.28272251308900526;331;107
144321;83;0.43915343915343913;152;82
96092;68;0.4594594594594595;132;67
81465;192;0.29721362229102166;573;191
26636;50;0.4;111;49
301609;74;0.5323741007194245;114;73
330330;29;0.5272727272727272;96;56
18124;70;0.3684210526315789;155;69
125208;69;0.15575620767494355;391;68
16067;88;0.704;1011;351
29708;99;0.34375;1010;329
100158;31;0.2897196261682243;89;30
290025;66;0.275;197;65
207298;59;0.6344086021505376;77;58
158855;27;0.7297297297297297;33;26
217728;79;0.4463276836158192;272;134
218053;84;0.38181818181818183;180;83
105623;185;0.41950113378684806;553;258
45570;74;0.18781725888324874;344;73
285080;112;0.28;332;112
209593;86;0.441025641025641;168;85
40544;73;0.1967654986522911;319;72
44938;45;0.42452830188679247;88;44
185323;50;0.4032258064516129;1541;422
93731;54;0.2887700534759358;161;53
155616;46;0.3006535947712418;726;118
21665;125;0.41254125412541254;244;125
63696;69;0.2623574144486692;812;244
222374;91;0.7054263565891473;115;90
170845;97;0.49489795918367346;160;96
141334;46;0.2822085889570552;140;45
193830;334;0.22192691029900333;1275;333
51377;92;0.2996742671009772;544;176
270627;37;0.6491228070175439;232;117
243937;176;0.32653061224489793;487;176
164162;189;0.31239669421487604;538;188
21873;253;0.37987987987987987;1169;400
171890;73;0.3029045643153527;204;72
302801;133;0.5450819672131147;212;132
45436;121;0.4708171206225681;435;219
188551;326;0.5054263565891473;573;326
340250;78;0.22674418604651161;306;77
223050;68;0.6732673267326733;93;67
280327;66;0.5038167938931297;114;65
184090;106;0.381294964028777;246;105
50381;100;0.6493506493506493;129;99
93800;110;0.2879581151832461;619;174
213954;60;0.2803738317757009;337;108
29497;133;0.48188405797101447;1010;329
52453;99;0.2903225806451613;296;98
136329;104;0.3701067615658363;755;213
191566;107;0.49537037037037035;189;106
139502;338;0.427307206068268;725;337
267180;70;0.3783783783783784;153;69
63646;124;0.28440366972477066;812;244
287228;56;0.6222222222222222;74;55
359114;69;0.23076923076923078;243;68
128711;126;0.5675675675675675;204;125
275272;67;0.29385964912280704;356;119
123351;66;0.2509505703422053;231;65
309500;87;0.3686440677966102;209;86
91632;82;0.5774647887323944;126;81
266205;71;0.40804597701149425;142;70
207102;94;0.29652996845425866;276;93
69564;61;0.34269662921348315;162;60
359245;96;0.26301369863013696;561;166
67916;38;0.34234234234234234;98;37
214978;55;0.275;166;54
204063;117;0.42391304347826086;235;116
285278;132;0.4489795918367347;259;131
13948;69;0.6448598130841121;190;118
44220;90;0.43478260869565216;310;182
286880;81;0.39901477832512317;163;80
167200;98;0.3402777777777778;256;97
351999;69;0.44805194805194803;301;121
338626;55;0.6043956043956044;81;54
242090;91;0.325;235;90
257076;80;0.3225806451612903;740;221
245107;75;0.3588516746411483;183;74
307261;105;0.26184538653366585;530;156
68536;203;0.41598360655737704;1281;471
346426;234;0.3588957055214724;1377;404
45388;115;0.5476190476190477;435;219
82659;80;0.33613445378151263;199;79
261257;110;0.3654485049833887;264;109
51328;76;0.38;544;176
196116;65;0.5603448275862069;102;64
41534;65;0.42483660130718953;133;64
236378;81;0.6183206106870229;114;80
154956;76;0.39790575916230364;169;75
327578;87;0.32706766917293234;566;143
131853;197;0.3608058608058608;479;196
318211;128;0.3878787878787879;294;127
277084;73;0.24579124579124578;250;72
182302;77;0.3407079646017699;274;101
56782;63;0.48091603053435117;109;62
167792;49;0.29518072289156627;144;48
72612;230;0.3814262023217247;551;236
357042;183;0.3796680497925311;425;182
352037;72;0.39344262295081966;301;121
221570;62;0.43661971830985913;125;61
313940;69;0.6160714285714286;98;68
289996;99;0.20081135902636918;424;98
250509;199;0.5452054794520548;318;198
57932;124;0.4679245283018868;336;177
160067;67;0.4240506329113924;132;66
304141;91;0.3333333333333333;396;159
44021;87;0.30526315789473685;228;86
109607;68;0.5714285714285714;263;133
97880;65;0.5078125;112;64
128299;65;0.6074766355140186;81;64
140733;127;0.30528846153846156;464;177
263212;75;0.4807692307692308;143;74
10366;70;0.5555555555555556;110;69
124807;64;0.4740740740740741;1031;232
217164;70;0.45161290322580644;116;69
25590;74;0.7047619047619048;92;73
229520;47;0.5280898876404494;78;46
164910;67;0.32367149758454106;174;66
249787;69;0.22186495176848875;269;68
239494;89;0.6544117647058824;104;88
361191;75;0.29069767441860467;217;74
358726;114;0.2608695652173913;377;113
54203;321;0.45726495726495725;3452;1116
106513;71;0.3333333333333333;183;71
304140;95;0.5248618784530387;396;159
146213;110;0.3273809523809524;268;109
125050;78;0.2582781456953642;1031;232
276570;49;0.4224137931034483;96;48
318178;134;0.5338645418326693;1954;716
262992;101;0.463302752293578;197;100
132775;126;0.5833333333333334;215;125
294436;43;0.40186915887850466;93;42
349326;69;0.5227272727272727;115;68
124619;42;0.31343283582089554;113;41
139548;70;0.5223880597014925;263;136
238064;146;0.3772609819121447;690;253
35430;96;0.6114649681528662;284;146
130333;48;0.1791044776119403;234;47
337220;106;0.47533632286995514;334;156
333903;76;0.49673202614379086;134;75
139728;108;0.4251968503937008;457;218
279551;92;0.4791666666666667;1498;485
143971;23;0.3382352941176471;49;22
276280;84;0.3387096774193548;209;83
301762;46;0.5609756097560976;1665;433
259455;45;0.2903225806451613;744;210
90070;125;0.40716612377850164;532;181
102854;173;0.4818941504178273;317;172
198971;198;0.28989751098096633;606;197
221709;79;0.42934782608695654;967;240
158588;152;0.42696629213483145;302;151
72901;52;0.7536231884057971;135;99
242865;95;0.4634146341463415;184;94
7694;68;0.3655913978494624;167;67
